Title="Geschw, Schub und Hoehe pro Flugposition"
Variables="X","Y","altitude [m]","TAS [m/s]","thrust [kN]","time [s]",  "N1","Uprimary [m/s]","Usecondary [m/s]","gear [-]","spoiler [-]","flap [°]","slat [°]"
ZONE I =   317 F=POINT
      -1484.100000000000          0.000000000000        516.900000000000         74.800000000000         30.845000000000          0.100000000000         50.831019719198        128.170906659782        151.565669914012          1.000000000000          0.000000000000         39.900000000000         26.900000000000
      -1474.700000000000          0.000000000000        516.300000000000         74.800000000000         30.845000000000          0.200000000000         50.830087461436        128.166740463562        151.562912750318          1.000000000000          0.000000000000         39.900000000000         26.900000000000
      -1465.300000000000          0.000000000000        515.800000000000         74.800000000000         30.845000000000          0.400000000000         50.829310577981        128.163268649081        151.560615109402          1.000000000000          0.000000000000         39.900000000000         26.900000000000
      -1456.000000000000          0.000000000000        515.200000000000         74.800000000000         30.845000000000          0.500000000000         50.828378315453        128.159102490546        151.557857934898          1.000000000000          0.000000000000         39.900000000000         26.900000000000
      -1446.700000000000          0.000000000000        514.700000000000         74.800000000000         30.845000000000          0.600000000000         50.827601428026        128.155630707469        151.555560284973          1.000000000000          0.000000000000         39.900000000000         26.900000000000
      -1437.300000000000          0.000000000000        514.100000000000         74.800000000000         30.845000000000          0.800000000000         50.826669160732        128.151464586618        151.552803099659          1.000000000000          0.000000000000         39.900000000000         26.900000000000
      -1428.000000000000          0.000000000000        513.500000000000         74.800000000000         30.845000000000          0.900000000000         50.825736890837        128.147298486321        151.550045908448          1.000000000000          0.000000000000         39.900000000000         26.900000000000
      -1418.700000000000          0.000000000000        513.000000000000         74.800000000000         30.845000000000          1.000000000000         50.824959997273        128.143826751773        151.547748244602          1.000000000000          0.000000000000         39.900000000000         26.900000000000
      -1409.400000000000          0.000000000000        512.500000000000         74.800000000000         30.845000000000          1.100000000000         50.824183101904        128.140355031499        151.545450576661          1.000000000000          0.000000000000         39.900000000000         26.900000000000
      -1400.100000000000          0.000000000000        511.900000000000         74.800000000000         30.845000000000          1.200000000000         50.823250825078        128.136188986009        151.542693369728          1.000000000000          0.000000000000         39.900000000000         26.900000000000
      -1390.700000000000          0.000000000000        511.400000000000         74.800000000000         30.845000000000          1.400000000000         50.822473925738        128.132717297134        151.540395692780          1.000000000000          0.000000000000         39.900000000000         26.900000000000
      -1381.400000000000          0.000000000000        510.800000000000         74.800000000000         30.845000000000          1.500000000000         50.821541644146        128.128551289321        151.537638475038          1.000000000000          0.000000000000         39.900000000000         26.900000000000
      -1372.100000000000          0.000000000000        510.200000000000         74.800000000000         30.845000000000          1.600000000000         50.820609359956        128.124385302060        151.534881251401          1.000000000000          0.000000000000         39.900000000000         26.900000000000
      -1362.700000000000          0.000000000000        509.700000000000         74.800000000000         30.845000000000          1.800000000000         50.819832454479        128.120913661706        151.532583560533          1.000000000000          0.000000000000         39.900000000000         26.900000000000
      -1353.300000000000          0.000000000000        509.200000000000         74.800000000000         30.845000000000          1.900000000000         50.819055547197        128.117442035622        151.530285865572          1.000000000000          0.000000000000         39.900000000000         26.900000000000
      -1344.000000000000          0.000000000000        508.600000000000         74.800000000000         30.845000000000          2.000000000000         50.818123256076        128.113276103159        151.527528626214          1.000000000000          0.000000000000         39.900000000000         26.900000000000
      -1334.700000000000          0.000000000000        508.000000000000         74.800000000000         30.845000000000          2.100000000000         50.817190962356        128.109110191243        151.524771380962          1.000000000000          0.000000000000         39.900000000000         26.900000000000
      -1325.300000000000          0.000000000000        507.500000000000         74.800000000000         30.845000000000          2.200000000000         50.816414048938        128.105638613676        151.522473672082          1.000000000000          0.000000000000         39.900000000000         26.900000000000
      -1316.000000000000          0.000000000000        506.900000000000         74.800000000000         30.845000000000          2.400000000000         50.815481750453        128.101472739431        151.519716416023          1.000000000000          0.000000000000         39.900000000000         26.900000000000
      -1306.700000000000          0.000000000000        506.300000000000         74.800000000000         30.845000000000          2.500000000000         50.814549449370        128.097306885732        151.516959154070          1.000000000000          0.000000000000         39.900000000000         26.900000000000
      -1297.400000000000          0.000000000000        505.800000000000         74.800000000000         30.845000000000          2.600000000000         50.813772529816        128.093835356677        151.514661431273          1.000000000000          0.000000000000         39.900000000000         26.900000000000
      -1288.100000000000          0.000000000000        505.200000000000         74.800000000000         30.845000000000          2.800000000000         50.812840223969        128.089669540645        151.511904158513          1.000000000000          0.000000000000         39.900000000000         26.900000000000
      -1278.700000000000          0.000000000000        504.700000000000         74.800000000000         30.845000000000          2.900000000000         50.812063300445        128.086198042978        151.509606426711          1.000000000000          0.000000000000         39.900000000000         26.900000000000
      -1269.400000000000          0.000000000000        504.100000000000         74.800000000000         30.845000000000          3.000000000000         50.811130989834        128.082032264610        151.506849143146          1.000000000000          0.000000000000         39.900000000000         26.900000000000
      -1260.100000000000          0.000000000000        503.600000000000         74.800000000000         30.845000000000          3.100000000000         50.810354062341        128.078560798330        151.504551402340          1.000000000000          0.000000000000         39.900000000000         26.900000000000
      -1250.700000000000          0.000000000000        503.000000000000         74.800000000000         30.845000000000          3.200000000000         50.809421746966        128.074395057625        151.501794107970          1.000000000000          0.000000000000         39.900000000000         26.900000000000
      -1241.300000000000          0.000000000000        502.400000000000         74.800000000000         30.845000000000          3.400000000000         50.808489428994        128.070229337462        151.499036807707          1.000000000000          0.000000000000         39.900000000000         26.900000000000
      -1232.000000000000          0.000000000000        501.900000000000         74.800000000000         30.845000000000          3.500000000000         50.807712495365        128.066757919685        151.496739052986          1.000000000000          0.000000000000         39.900000000000         26.900000000000
      -1222.700000000000          0.000000000000        501.300000000000         74.800000000000         30.845000000000          3.600000000000         50.806780172629        128.062592237181        151.493981741918          1.000000000000          0.000000000000         39.900000000000         26.900000000000
      -1213.300000000000          0.000000000000        500.800000000000         74.800000000000         30.845000000000          3.800000000000         50.806003235032        128.059120850786        151.491683978194          1.000000000000          0.000000000000         39.900000000000         26.900000000000
      -1204.000000000000          0.000000000000        500.200000000000         74.800000000000         30.845000000000          3.900000000000         50.805070907533        128.054955205939        151.488926656323          1.000000000000          0.000000000000         39.900000000000         26.900000000000
      -1194.700000000000          0.000000000000        499.700000000000         74.800000000000         30.845000000000          4.000000000000         50.804293965966        128.051483850924        151.486628883595          1.000000000000          0.000000000000         39.900000000000         26.900000000000
      -1185.400000000000          0.000000000000        499.100000000000         74.800000000000         30.845000000000          4.100000000000         50.803361633705        128.047318243732        151.483871550921          1.000000000000          0.000000000000         39.900000000000         26.900000000000
      -1176.100000000000          0.000000000000        498.600000000000         74.800000000000         30.845000000000          4.200000000000         50.802584688169        128.043846920095        151.481573769192          1.000000000000          0.000000000000         39.900000000000         26.900000000000
      -1166.700000000000          0.000000000000        498.100000000000         74.800000000000         30.845000000000          4.400000000000         50.801807740830        128.040375610721        151.479275983370          1.000000000000          0.000000000000         39.900000000000         26.900000000000
      -1157.400000000000          0.000000000000        497.500000000000         74.800000000000         30.845000000000          4.500000000000         50.800875401641        128.036210058297        151.476518634983          1.000000000000          0.000000000000         39.900000000000         26.900000000000
      -1148.100000000000          0.000000000000        496.900000000000         74.800000000000         30.845000000000          4.600000000000         50.799943059855        128.032044526409        151.473761280704          1.000000000000          0.000000000000         39.900000000000         26.900000000000
      -1138.700000000000          0.000000000000        496.400000000000         74.800000000000         30.845000000000          4.800000000000         50.799166106382        128.028573265524        151.471463480971          1.000000000000          0.000000000000         39.900000000000         26.900000000000
      -1129.300000000000          0.000000000000        495.800000000000         74.800000000000         30.845000000000          4.900000000000         50.798233759834        128.024407771285        151.468706115890          1.000000000000          0.000000000000         39.900000000000         26.900000000000
      -1120.000000000000          0.000000000000        495.200000000000         74.800000000000         30.845000000000          5.000000000000         50.797301410688        128.020242297582        151.465948744918          1.000000000000          0.000000000000         39.900000000000         26.900000000000
      -1110.700000000000          0.000000000000        494.600000000000         74.800000000000         30.845000000000          5.100000000000         50.796369058946        128.016076844412        151.463191368055          1.000000000000          0.000000000000         39.900000000000         26.900000000000
      -1101.300000000000          0.000000000000        494.100000000000         74.800000000000         30.845000000000          5.200000000000         50.795592097176        128.012605649123        151.460893549502          1.000000000000          0.000000000000         39.900000000000         26.900000000000
      -1092.000000000000          0.000000000000        493.600000000000         74.800000000000         30.845000000000          5.400000000000         50.794815133603        128.009134468093        151.458595726857          1.000000000000          0.000000000000         39.900000000000         26.900000000000
      -1082.700000000000          0.000000000000        493.000000000000         74.800000000000         30.845000000000          5.500000000000         50.793882774934        128.004969069678        151.455838334284          1.000000000000          0.000000000000         39.900000000000         26.900000000000
      -1073.400000000000          0.000000000000        492.400000000000         74.800000000000         30.845000000000          5.600000000000         50.792950413669        128.000803691796        151.453080935820          1.000000000000          0.000000000000         39.900000000000         26.900000000000
      -1064.100000000000          0.000000000000        491.900000000000         74.800000000000         30.845000000000          5.800000000000         50.792173443963        127.997332559244        151.450783099267          1.000000000000          0.000000000000         39.900000000000         26.900000000000
      -1054.700000000000          0.000000000000        491.400000000000         74.800000000000         30.845000000000          5.900000000000         50.791396472455        127.993861440949        151.448485258623          1.000000000000          0.000000000000         39.900000000000         26.900000000000
      -1045.400000000000          0.000000000000        490.800000000000         74.800000000000         30.845000000000          6.000000000000         50.790464104264        127.989696117815        151.445727844451          1.000000000000          0.000000000000         39.900000000000         26.900000000000
      -1036.100000000000          0.000000000000        490.200000000000         74.800000000000         30.845000000000          6.100000000000         50.789531733477        127.985530815211        151.442970424389          1.000000000000          0.000000000000         39.900000000000         26.900000000000
      -1026.700000000000          0.000000000000        489.700000000000         74.800000000000         30.845000000000          6.200000000000         50.788754755837        127.982059745389        151.440672569837          1.000000000000          0.000000000000         39.900000000000         26.900000000000
      -1017.400000000000          0.000000000000        489.200000000000         74.800000000000         30.845000000000          6.400000000000         50.787977776394        127.978588689823        151.438374711195          1.000000000000          0.000000000000         39.900000000000         26.900000000000
      -1008.000000000000          0.000000000000        488.600000000000         74.800000000000         30.845000000000          6.500000000000         50.787045398682        127.974423441961        151.435617275426          1.000000000000          0.000000000000         39.900000000000         26.900000000000
       -998.700000000000          0.000000000000        488.100000000000         74.800000000000         30.845000000000          6.600000000000         50.786268415273        127.970952417757        151.433319407786          1.000000000000          0.000000000000         39.900000000000         26.900000000000
       -989.400000000000          0.000000000000        487.500000000000         74.800000000000         30.845000000000          6.800000000000         50.785321577925        127.966866072614        151.430518781665          1.000000000000          0.000000000000         39.900000000000         26.900000000000
       -980.000000000000          0.000000000000        486.900000000000         74.800000000000         30.845000000000          6.900000000000         50.784341013144        127.962963713336        151.427617405971          1.000000000000          0.000000000000         39.900000000000         26.900000000000
       -970.700000000000          0.000000000000        486.400000000000         74.800000000000         30.845000000000          7.000000000000         50.783523875712        127.959711710782        151.425199592850          1.000000000000          0.000000000000         39.900000000000         26.900000000000
       -961.400000000000          0.000000000000        485.800000000000         74.800000000000         30.845000000000          7.100000000000         50.782543310658        127.955809263932        151.422298217055          1.000000000000          0.000000000000         39.900000000000         26.900000000000
       -952.000000000000          0.000000000000        485.300000000000         74.800000000000         30.845000000000          7.200000000000         50.781726173000        127.952557188402        151.419880403850          1.000000000000          0.000000000000         39.900000000000         26.900000000000
       -942.700000000000          0.000000000000        484.800000000000         74.800000000000         30.845000000000          7.400000000000         50.780909035238        127.949305079703        151.417462590606          1.000000000000          0.000000000000         39.900000000000         26.900000000000
       -933.400000000000          0.000000000000        484.200000000000         74.800000000000         30.845000000000          7.500000000000         50.779928469788        127.945402505482        151.414561214663          1.000000000000          0.000000000000         39.900000000000         26.900000000000
       -924.000000000000          0.000000000000        483.600000000000         74.800000000000         30.845000000000          7.600000000000         50.778947904189        127.941499883500        151.411659838665          1.000000000000          0.000000000000         39.900000000000         26.900000000000
       -914.700000000000          0.000000000000        483.000000000000         74.800000000000         30.845000000000          7.800000000000         50.777967338441        127.937597213758        151.408758462611          1.000000000000          0.000000000000         39.900000000000         26.900000000000
       -905.400000000000          0.000000000000        482.500000000000         74.800000000000         30.845000000000          7.900000000000         50.777150200205        127.934344952491        151.406340649191          1.000000000000          0.000000000000         39.900000000000         26.900000000000
       -896.000000000000          0.000000000000        481.900000000000         74.800000000000         30.845000000000          8.000000000000         50.776169634185        127.930442195192        151.403439273036          1.000000000000          0.000000000000         39.900000000000         26.900000000000
       -886.700000000000          0.000000000000        481.300000000000         74.800000000000         30.845000000000          8.100000000000         50.775189068016        127.926539390138        151.400537896825          1.000000000000          0.000000000000         39.900000000000         26.900000000000
       -877.400000000000          0.000000000000        480.800000000000         74.800000000000         30.845000000000          8.200000000000         50.774371929429        127.923287016114        151.398120083274          1.000000000000          0.000000000000         39.900000000000         26.900000000000
       -868.000000000000          0.000000000000        480.200000000000         74.800000000000         30.845000000000          8.400000000000         50.773391362988        127.919384123510        151.395218706961          1.000000000000          0.000000000000         39.900000000000         26.900000000000
       -858.700000000000          0.000000000000        479.700000000000         74.800000000000         30.845000000000          8.500000000000         50.772574224173        127.916131676531        151.392800893325          1.000000000000          0.000000000000         39.900000000000         26.900000000000
       -849.400000000000          0.000000000000        479.100000000000         74.800000000000         30.845000000000          8.600000000000         50.771593657460        127.912228696383        151.389899516910          1.000000000000          0.000000000000         39.900000000000         26.900000000000
       -840.000000000000          0.000000000000        478.600000000000         74.800000000000         30.845000000000          8.800000000000         50.770776518418        127.908976176452        151.387481703189          1.000000000000          0.000000000000         39.900000000000         26.900000000000
       -830.700000000000          0.000000000000        478.100000000000         74.800000000000         30.845000000000          8.900000000000         50.769959379273        127.905723623362        151.385063889430          1.000000000000          0.000000000000         39.900000000000         26.900000000000
       -821.400000000000          0.000000000000        477.500000000000         74.800000000000         30.845000000000          9.000000000000         50.768978812164        127.901820515887        151.382162512867          1.000000000000          0.000000000000         39.900000000000         26.900000000000
       -812.000000000000          0.000000000000        476.900000000000         74.800000000000         30.845000000000          9.100000000000         50.767998244905        127.897917360665        151.379261136249          1.000000000000          0.000000000000         39.900000000000         26.900000000000
       -802.700000000000          0.000000000000        476.400000000000         74.800000000000         30.845000000000          9.200000000000         50.767181105409        127.894664694843        151.376843322358          1.000000000000          0.000000000000         39.900000000000         26.900000000000
       -793.400000000000          0.000000000000        475.900000000000         74.800000000000         30.845000000000          9.400000000000         50.766363965811        127.891411995866        151.374425508428          1.000000000000          0.000000000000         39.900000000000         26.900000000000
       -784.000000000000          0.000000000000        475.300000000000         74.800000000000         30.845000000000          9.500000000000         50.765383398156        127.887508713330        151.371524131662          1.000000000000          0.000000000000         39.900000000000         26.900000000000
       -774.700000000000          0.000000000000        474.800000000000         74.800000000000         30.845000000000          9.600000000000         50.764566258330        127.884255941414        151.369106317647          1.000000000000          0.000000000000         39.900000000000         26.900000000000
       -765.400000000000          0.000000000000        474.200000000000         74.800000000000         30.845000000000          9.800000000000         50.763585690403        127.880352571355        151.366204940778          1.000000000000          0.000000000000         39.900000000000         26.900000000000
       -756.000000000000          0.000000000000        473.700000000000         74.800000000000         30.845000000000          9.900000000000         50.762768550350        127.877099726506        151.363787126679          1.000000000000          0.000000000000         39.900000000000         26.900000000000
       -746.700000000000          0.000000000000        473.100000000000         74.800000000000         30.845000000000         10.000000000000         50.761787982150        127.873196268929        151.360885749708          1.000000000000          0.000000000000         39.900000000000         26.900000000000
       -737.400000000000          0.000000000000        472.500000000000         74.800000000000         30.845000000000         10.100000000000         50.760807413801        127.869292763616        151.357984372681          1.000000000000          0.000000000000         39.900000000000         26.900000000000
       -728.000000000000          0.000000000000        472.000000000000         74.800000000000         30.845000000000         10.200000000000         50.759990273397        127.866039806059        151.355566558450          1.000000000000          0.000000000000         39.900000000000         26.900000000000
       -718.600000000000          0.000000000000        471.400000000000         74.800000000000         30.845000000000         10.400000000000         50.759009704776        127.862136213235        151.352665181321          1.000000000000          0.000000000000         39.900000000000         26.900000000000
       -709.300000000000          0.000000000000        470.800000000000         74.800000000000         30.845000000000         10.500000000000         50.758029136007        127.858232572680        151.349763804136          1.000000000000          0.000000000000         39.900000000000         26.900000000000
       -700.000000000000          0.000000000000        470.200000000000         74.800000000000         30.845000000000         10.600000000000         50.757048567088        127.854328884395        151.346862426895          1.000000000000          0.000000000000         39.900000000000         26.900000000000
       -690.600000000000          0.000000000000        469.700000000000         74.800000000000         30.845000000000         10.800000000000         50.756231426210        127.851075774365        151.344444612486          1.000000000000          0.000000000000         39.900000000000         26.900000000000
       -681.300000000000          0.000000000000        469.200000000000         74.800000000000         30.845000000000         10.900000000000         50.755414285228        127.847822631191        151.342026798037          1.000000000000          0.000000000000         39.900000000000         26.900000000000
       -672.000000000000          0.000000000000        468.600000000000         74.800000000000         30.845000000000         11.000000000000         50.754433715913        127.843918815633        151.339125420647          1.000000000000          0.000000000000         39.900000000000         26.900000000000
       -662.700000000000          0.000000000000        468.100000000000         74.800000000000         30.845000000000         11.100000000000         50.753616574704        127.840665599545        151.336707606113          1.000000000000          0.000000000000         39.900000000000         26.900000000000
       -653.400000000000          0.000000000000        467.500000000000         74.800000000000         30.845000000000         11.200000000000         50.752636005117        127.836761696493        151.333806228621          1.000000000000          0.000000000000         39.900000000000         26.900000000000
       -644.000000000000          0.000000000000        466.900000000000         74.800000000000         30.845000000000         11.400000000000         50.751655435381        127.832857745719        151.330904851073          1.000000000000          0.000000000000         39.900000000000         26.900000000000
       -634.700000000000          0.000000000000        466.400000000000         74.800000000000         30.845000000000         11.500000000000         50.750838293821        127.829604416953        151.328487036407          1.000000000000          0.000000000000         39.900000000000         26.900000000000
       -625.400000000000          0.000000000000        465.800000000000         74.800000000000         30.845000000000         11.600000000000         50.749857723812        127.825700378692        151.325585658756          1.000000000000          0.000000000000         39.900000000000         26.900000000000
       -616.000000000000          0.000000000000        465.300000000000         74.800000000000         30.845000000000         11.800000000000         50.749040582025        127.822446977023        151.323167844004          1.000000000000          0.000000000000         39.900000000000         26.900000000000
       -606.600000000000          0.000000000000        464.800000000000         74.800000000000         30.845000000000         11.900000000000         50.748223440135        127.819193542217        151.320750029213          1.000000000000          0.000000000000         39.900000000000         26.900000000000
       -597.300000000000          0.000000000000        464.200000000000         74.800000000000         30.845000000000         12.000000000000         50.747242869730        127.815289376710        151.317848651413          1.000000000000          0.000000000000         39.900000000000         26.900000000000
       -588.000000000000          0.000000000000        463.600000000000         74.800000000000         30.845000000000         12.100000000000         50.746262299176        127.811385163489        151.314947273557          1.000000000000          0.000000000000         39.900000000000         26.900000000000
       -578.600000000000          0.000000000000        463.100000000000         74.800000000000         30.845000000000         12.200000000000         50.745445156935        127.808131616024        151.312529458634          1.000000000000          0.000000000000         39.900000000000         26.900000000000
       -569.300000000000          0.000000000000        462.600000000000         74.800000000000         30.845000000000         12.400000000000         50.744628014590        127.804878035426        151.310111643672          1.000000000000          0.000000000000         39.900000000000         26.900000000000
       -560.000000000000          0.000000000000        462.000000000000         74.800000000000         30.845000000000         12.500000000000         50.743647443640        127.800973694973        151.307210265666          1.000000000000          0.000000000000         39.900000000000         26.900000000000
       -550.700000000000          0.000000000000        461.400000000000         74.800000000000         30.845000000000         12.600000000000         50.742666872542        127.797069306811        151.304308887604          1.000000000000          0.000000000000         39.900000000000         26.900000000000
       -541.400000000000          0.000000000000        460.900000000000         74.800000000000         30.845000000000         12.800000000000         50.741849729846        127.793815613566        151.301891072509          1.000000000000          0.000000000000         39.900000000000         26.900000000000
       -532.000000000000          0.000000000000        460.400000000000         74.800000000000         30.845000000000         12.900000000000         50.741032587047        127.790561887191        151.299473257376          1.000000000000          0.000000000000         39.900000000000         26.900000000000
       -522.700000000000          0.000000000000        459.800000000000         74.800000000000         30.845000000000         13.000000000000         50.740052015552        127.786657371811        151.296571879164          1.000000000000          0.000000000000         39.900000000000         26.900000000000
       -513.400000000000          0.000000000000        459.200000000000         74.800000000000         30.845000000000         13.100000000000         50.739071443908        127.782752808727        151.293670500896          1.000000000000          0.000000000000         39.900000000000         26.900000000000
       -504.000000000000          0.000000000000        458.600000000000         74.800000000000         30.845000000000         13.200000000000         50.738090872116        127.778848197941        151.290769122571          1.000000000000          0.000000000000         39.900000000000         26.900000000000
       -494.700000000000          0.000000000000        458.100000000000         74.800000000000         30.845000000000         13.400000000000         50.737273728842        127.775594319180        151.288351307258          1.000000000000          0.000000000000         39.900000000000         26.900000000000
       -485.300000000000          0.000000000000        457.500000000000         74.800000000000         30.845000000000         13.500000000000         50.736293156777        127.771689620942        151.285449928831          1.000000000000          0.000000000000         39.900000000000         26.900000000000
       -476.000000000000          0.000000000000        456.900000000000         74.800000000000         30.845000000000         13.600000000000         50.735312584563        127.767784875005        151.282548550347          1.000000000000          0.000000000000         39.900000000000         26.900000000000
       -466.600000000000          0.000000000000        456.400000000000         74.800000000000         30.845000000000         13.800000000000         50.734495440938        127.764530883622        151.280130734901          1.000000000000          0.000000000000         39.900000000000         26.900000000000
       -457.300000000000          0.000000000000        455.900000000000         74.800000000000         30.845000000000         13.900000000000         50.733678297210        127.761276859117        151.277712919415          1.000000000000          0.000000000000         39.900000000000         26.900000000000
       -448.000000000000          0.000000000000        455.300000000000         74.800000000000         30.845000000000         14.000000000000         50.732697724600        127.757371985990        151.274811540781          1.000000000000          0.000000000000         39.900000000000         26.900000000000
       -438.700000000000          0.000000000000        454.800000000000         74.800000000000         30.845000000000         14.100000000000         50.731880580645        127.754117888618        151.272393725210          1.000000000000          0.000000000000         39.900000000000         26.900000000000
       -429.400000000000          0.000000000000        454.200000000000         74.800000000000         30.845000000000         14.200000000000         50.730900007762        127.750212928054        151.269492346472          1.000000000000          0.000000000000         39.900000000000         26.900000000000
       -420.000000000000          0.000000000000        453.700000000000         74.800000000000         30.845000000000         14.400000000000         50.730082863579        127.746958757820        151.267074530815          1.000000000000          0.000000000000         39.900000000000         26.900000000000
       -410.700000000000          0.000000000000        453.100000000000         74.800000000000         30.845000000000         14.500000000000         50.729102290424        127.743053709824        151.264173151974          1.000000000000          0.000000000000         39.900000000000         26.900000000000
       -401.400000000000          0.000000000000        452.600000000000         74.800000000000         30.845000000000         14.600000000000         50.728285146014        127.739799466732        151.261755336230          1.000000000000          0.000000000000         39.900000000000         26.900000000000
       -392.000000000000          0.000000000000        452.000000000000         74.800000000000         30.845000000000         14.800000000000         50.727304572586        127.735894331308        151.258853957286          1.000000000000          0.000000000000         39.900000000000         26.900000000000
       -382.600000000000          0.000000000000        451.400000000000         74.800000000000         30.845000000000         14.900000000000         50.726323999010        127.731989148198        151.255952578285          1.000000000000          0.000000000000         39.900000000000         26.900000000000
       -373.300000000000          0.000000000000        450.900000000000         74.800000000000         30.845000000000         15.000000000000         50.725506854249        127.728734792514        151.253534762408          1.000000000000          0.000000000000         39.900000000000         26.900000000000
       -364.000000000000          0.000000000000        450.300000000000         74.800000000000         30.845000000000         15.100000000000         50.724526280400        127.724829521983        151.250633383303          1.000000000000          0.000000000000         39.900000000000         26.900000000000
       -354.600000000000          0.000000000000        449.800000000000         74.800000000000         30.845000000000         15.200000000000         50.723709135412        127.721575093451        151.248215567340          1.000000000000          0.000000000000         39.900000000000         26.900000000000
       -345.300000000000          0.000000000000        449.200000000000         74.800000000000         30.845000000000         15.400000000000         50.722728561290        127.717669735504        151.245314188131          1.000000000000          0.000000000000         39.900000000000         26.900000000000
       -336.000000000000          0.000000000000        448.700000000000         74.800000000000         30.845000000000         15.500000000000         50.721911416075        127.714415234127        151.242896372081          1.000000000000          0.000000000000         39.900000000000         26.900000000000
       -326.700000000000          0.000000000000        448.100000000000         74.800000000000         30.845000000000         15.600000000000         50.720930841680        127.710509788770        151.239994992769          1.000000000000          0.000000000000         39.900000000000         26.900000000000
       -317.400000000000          0.000000000000        447.500000000000         74.800000000000         30.845000000000         15.800000000000         50.719950267137        127.706604295736        151.237093613401          1.000000000000          0.000000000000         39.900000000000         26.900000000000
       -308.000000000000          0.000000000000        447.000000000000         74.800000000000         30.845000000000         15.900000000000         50.719133121571        127.703349681789        151.234675797217          1.000000000000          0.000000000000         39.900000000000         26.900000000000
       -298.700000000000          0.000000000000        446.400000000000         74.800000000000         30.845000000000         16.000000000000         50.718152546755        127.699444101351        151.231774417745          1.000000000000          0.000000000000         39.900000000000         26.900000000000
       -289.400000000000          0.000000000000        445.800000000000         74.800000000000         30.845000000000         16.100000000000         50.717171971790        127.695538473241        151.228873038216          1.000000000000          0.000000000000         39.900000000000         26.900000000000
       -280.000000000000          0.000000000000        445.300000000000         74.800000000000         30.845000000000         16.200000000000         50.716354825873        127.692283746733        151.226455221898          1.000000000000          0.000000000000         39.900000000000         26.900000000000
       -270.600000000000          0.000000000000        444.800000000000         74.800000000000         30.845000000000         16.400000000000         50.715537679852        127.689028987121        151.224037405541          1.000000000000          0.000000000000         39.900000000000         26.900000000000
       -261.300000000000          0.000000000000        444.200000000000         74.800000000000         30.845000000000         16.500000000000         50.714557104491        127.685123231890        151.221136025861          1.000000000000          0.000000000000         39.900000000000         26.900000000000
       -252.000000000000          0.000000000000        443.600000000000         74.800000000000         30.845000000000         16.600000000000         50.713576528981        127.681217428991        151.218234646124          1.000000000000          0.000000000000         39.900000000000         26.900000000000
       -242.700000000000          0.000000000000        443.100000000000         74.800000000000         30.845000000000         16.800000000000         50.712759382609        127.677962556830        151.215816829633          1.000000000000          0.000000000000         39.900000000000         26.900000000000
       -233.300000000000          0.000000000000        442.600000000000         74.800000000000         30.845000000000         16.900000000000         50.711942236134        127.674707651569        151.213399013102          1.000000000000          0.000000000000         39.900000000000         26.900000000000
       -224.000000000000          0.000000000000        442.000000000000         74.800000000000         30.845000000000         17.000000000000         50.710961660228        127.670801721563        151.210497633214          1.000000000000          0.000000000000         39.900000000000         26.900000000000
       -214.700000000000          0.000000000000        441.400000000000         74.800000000000         30.845000000000         17.100000000000         50.709981084173        127.666895743895        151.207596253268          1.000000000000          0.000000000000         39.900000000000         26.900000000000
       -205.300000000000          0.000000000000        440.900000000000         74.800000000000         30.845000000000         17.200000000000         50.709163937346        127.663640726097        151.205178436604          1.000000000000          0.000000000000         39.900000000000         26.900000000000
       -196.000000000000          0.000000000000        440.400000000000         74.800000000000         30.845000000000         17.400000000000         50.708346790417        127.660385675202        151.202760619899          1.000000000000          0.000000000000         39.900000000000         26.900000000000
       -186.700000000000          0.000000000000        439.800000000000         74.800000000000         30.845000000000         17.500000000000         50.707366213965        127.656479570440        151.199859239802          1.000000000000          0.000000000000         39.900000000000         26.900000000000
       -177.300000000000          0.000000000000        439.200000000000         74.800000000000         30.845000000000         17.600000000000         50.706385637364        127.652573418022        151.196957859648          1.000000000000          0.000000000000         39.900000000000         26.900000000000
       -168.000000000000          0.000000000000        438.700000000000         74.800000000000         30.845000000000         17.800000000000         50.705568490084        127.649318254602        151.194540042810          1.000000000000          0.000000000000         39.900000000000         26.900000000000
       -158.700000000000          0.000000000000        438.200000000000         74.800000000000         30.845000000000         17.900000000000         50.704751342700        127.646063058089        151.192122225932          1.000000000000          0.000000000000         39.900000000000         26.900000000000
       -149.300000000000          0.000000000000        437.600000000000         74.800000000000         30.845000000000         18.000000000000         50.703770765703        127.642156778591        151.189220845626          1.000000000000          0.000000000000         39.900000000000         26.900000000000
       -140.000000000000          0.000000000000        437.100000000000         74.800000000000         30.845000000000         18.100000000000         50.702953618091        127.638901509275        151.186803028661          1.000000000000          0.000000000000         39.900000000000         26.900000000000
       -130.700000000000          0.000000000000        436.500000000000         74.800000000000         30.845000000000         18.200000000000         50.701973040822        127.634995142416        151.183901648251          1.000000000000          0.000000000000         39.900000000000         26.900000000000
       -121.300000000000          0.000000000000        435.900000000000         74.800000000000         30.845000000000         18.400000000000         50.700992463403        127.631088727907        151.181000267783          1.000000000000          0.000000000000         39.900000000000         26.900000000000
       -112.000000000000          0.000000000000        435.400000000000         74.800000000000         30.845000000000         18.500000000000         50.700175315441        127.627833346085        151.178582450684          1.000000000000          0.000000000000         39.900000000000         26.900000000000
       -102.700000000000          0.000000000000        434.800000000000         74.800000000000         30.845000000000         18.600000000000         50.699194737749        127.623926844222        151.175681070112          1.000000000000          0.000000000000         39.900000000000         26.900000000000
        -93.300000000000          0.000000000000        434.200000000000         74.800000000000         30.845000000000         18.800000000000         50.698214159909        127.620020294713        151.172779689483          1.000000000000          0.000000000000         39.900000000000         26.900000000000
        -84.000000000000          0.000000000000        433.700000000000         74.800000000000         30.845000000000         18.900000000000         50.697397011596        127.616764800394        151.170361872248          1.000000000000          0.000000000000         39.900000000000         26.900000000000
        -74.700000000000          0.000000000000        433.100000000000         74.800000000000         30.845000000000         19.000000000000         50.696416433483        127.612858163539        151.167460491514          1.000000000000          0.000000000000         39.900000000000         26.900000000000
        -65.300000000000          0.000000000000        432.600000000000         74.800000000000         30.845000000000         19.100000000000         50.695599284942        127.609602596433        151.165042674193          1.000000000000          0.000000000000         39.900000000000         26.900000000000
        -56.000000000000          0.000000000000        432.000000000000         74.800000000000         30.845000000000         19.200000000000         50.694618706557        127.605695872235        151.162141293354          1.000000000000          0.000000000000         39.900000000000         26.900000000000
        -46.600000000000          0.000000000000        431.400000000000         74.800000000000         30.845000000000         19.400000000000         50.693638128023        127.601789100399        151.159239912459          1.000000000000          0.000000000000         39.900000000000         26.900000000000
        -37.300000000000          0.000000000000        430.900000000000         74.800000000000         30.845000000000         19.500000000000         50.692820979131        127.598533420812        151.156822095002          1.000000000000          0.000000000000         39.900000000000         26.900000000000
        -28.000000000000          0.000000000000        430.300000000000         74.800000000000         30.845000000000         19.600000000000         50.691840400324        127.594626561640        151.153920714001          1.000000000000          0.000000000000         39.900000000000         26.900000000000
        -18.600000000000          0.000000000000        429.800000000000         74.800000000000         30.845000000000         19.800000000000         50.691023251204        127.591370809276        151.151502896457          1.000000000000          0.000000000000         39.900000000000         26.900000000000
         -9.300000000000          0.000000000000        429.200000000000         74.800000000000         30.845000000000         19.900000000000         50.690042672125        127.587463862775        151.148601515352          1.000000000000          0.000000000000         39.900000000000         26.900000000000
          0.000000000000          0.000000000000        428.700000000000         74.800000000000         30.845000000000         20.000000000000         50.689225522778        127.584208037638        151.146183697720          1.000000000000          0.000000000000         39.900000000000         26.900000000000
          9.300000000000          0.000000000000        428.100000000000         74.800000000000         30.845000000000         20.100000000000         50.688244943426        127.580301003811        151.143282316509          1.000000000000          0.000000000000         39.900000000000         26.900000000000
         18.600000000000          0.000000000000        427.600000000000         74.800000000000         30.845000000000         20.200000000000         50.687427793852        127.577045105904        151.140864498790          1.000000000000          0.000000000000         39.900000000000         26.900000000000
         28.000000000000          0.000000000000        427.100000000000         74.800000000000         30.845000000000         20.400000000000         50.686610644175        127.573789174922        151.138446681031          1.000000000000          0.000000000000         39.900000000000         26.900000000000
         37.300000000000          0.000000000000        426.500000000000         74.800000000000         30.845000000000         20.500000000000         50.685630339043        127.569989885990        151.135549735432          1.000000000000          0.000000000000         39.900000000000         26.900000000000
         46.600000000000          0.000000000000        425.900000000000         74.800000000000         30.845000000000         20.600000000000         50.684650506175        127.566376914079        151.132660447323          1.000000000000          0.000000000000         39.900000000000         26.900000000000
         56.000000000000          0.000000000000        425.400000000000         74.800000000000         30.845000000000         20.800000000000         50.683833976536        127.563366120871        151.130252702784          1.000000000000          0.000000000000         39.900000000000         26.900000000000
         65.300000000000          0.000000000000        424.900000000000         74.800000000000         30.845000000000         20.900000000000         50.683017444854        127.560355342860        151.127844954202          1.000000000000          0.000000000000         39.900000000000         26.900000000000
         74.700000000000          0.000000000000        424.300000000000         74.800000000000         30.845000000000         21.000000000000         50.682037604138        127.556742429308        151.124955650568          1.000000000000          0.000000000000         39.900000000000         26.900000000000
         84.000000000000          0.000000000000        423.700000000000         74.800000000000         30.845000000000         21.100000000000         50.681057760480        127.553129537639        151.122066341113          1.000000000000          0.000000000000         39.900000000000         26.900000000000
         93.300000000000          0.000000000000        423.100000000000         74.800000000000         30.845000000000         21.200000000000         50.680077913879        127.549516667852        151.119177025836          1.000000000000          0.000000000000         39.900000000000         26.900000000000
        102.700000000000          0.000000000000        422.600000000000         74.800000000000         30.845000000000         21.400000000000         50.679261372797        127.546505959746        151.116769258659          1.000000000000          0.000000000000         39.900000000000         26.900000000000
        112.000000000000          0.000000000000        422.000000000000         74.800000000000         30.845000000000         21.500000000000         50.678281520801        127.542893130076        151.113879932710          1.000000000000          0.000000000000         39.900000000000         26.900000000000
        121.300000000000          0.000000000000        421.400000000000         74.800000000000         30.845000000000         21.600000000000         50.677301665863        127.539280322287        151.110990600941          1.000000000000          0.000000000000         39.900000000000         26.900000000000
        130.700000000000          0.000000000000        420.900000000000         74.800000000000         30.845000000000         21.800000000000         50.676485117834        127.536269665843        151.108582820021          1.000000000000          0.000000000000         39.900000000000         26.900000000000
        140.000000000000          0.000000000000        420.400000000000         74.800000000000         30.845000000000         21.900000000000         50.675668567761        127.533259024594        151.106175035058          1.000000000000          0.000000000000         39.900000000000         26.900000000000
        149.300000000000          0.000000000000        419.800000000000         74.800000000000         30.845000000000         22.000000000000         50.674688704977        127.529646275150        151.103285687767          1.000000000000          0.000000000000         39.900000000000         26.900000000000
        158.700000000000          0.000000000000        419.200000000000         74.800000000000         30.845000000000         22.100000000000         50.673708839251        127.526033547585        151.100396334657          1.000000000000          0.000000000000         39.900000000000         26.900000000000
        168.000000000000          0.000000000000        418.700000000000         74.800000000000         30.845000000000         22.200000000000         50.672892282232        127.523022957993        151.097988535952          1.000000000000          0.000000000000         39.900000000000         26.900000000000
        177.300000000000          0.000000000000        418.200000000000         74.800000000000         30.845000000000         22.400000000000         50.672075723170        127.520012383593        151.095580733205          1.000000000000          0.000000000000         39.900000000000         26.900000000000
        186.700000000000          0.000000000000        417.600000000000         74.800000000000         30.845000000000         22.500000000000         50.671095849600        127.516399714367        151.092691364575          1.000000000000          0.000000000000         39.900000000000         26.900000000000
        196.000000000000          0.000000000000        417.100000000000         74.800000000000         30.845000000000         22.600000000000         50.670279286043        127.513389173389        151.090283552937          1.000000000000          0.000000000000         39.900000000000         26.900000000000
        205.300000000000          0.000000000000        416.500000000000         74.800000000000         30.845000000000         22.800000000000         50.669299407079        127.509776544269        151.087394173637          1.000000000000          0.000000000000         39.900000000000         26.900000000000
        214.700000000000          0.000000000000        415.900000000000         74.800000000000         30.845000000000         22.900000000000         50.668319525173        127.506163937023        151.084504788518          1.000000000000          0.000000000000         39.900000000000         26.900000000000
        224.000000000000          0.000000000000        415.400000000000         74.800000000000         30.845000000000         23.000000000000         50.667502954672        127.503153447694        151.082096963140          1.000000000000          0.000000000000         39.900000000000         26.900000000000
        233.300000000000          0.000000000000        414.800000000000         74.800000000000         30.845000000000         23.100000000000         50.666523067373        127.499540880549        151.079207567352          1.000000000000          0.000000000000         39.900000000000         26.900000000000
        242.700000000000          0.000000000000        414.300000000000         74.800000000000         30.845000000000         23.200000000000         50.665706492378        127.496530424638        151.076799733084          1.000000000000          0.000000000000         39.900000000000         26.900000000000
        252.000000000000          0.000000000000        413.800000000000         74.800000000000         30.845000000000         23.400000000000         50.664889915339        127.493519983915        151.074391894775          1.000000000000          0.000000000000         39.900000000000         26.900000000000
        261.300000000000          0.000000000000        413.200000000000         74.800000000000         30.845000000000         23.500000000000         50.663910020197        127.489907475097        151.071502483471          1.000000000000          0.000000000000         39.900000000000         26.900000000000
        270.600000000000          0.000000000000        412.600000000000         74.800000000000         30.845000000000         23.600000000000         50.662930122114        127.486294988150        151.068613066348          1.000000000000          0.000000000000         39.900000000000         26.900000000000
        280.000000000000          0.000000000000        412.100000000000         74.800000000000         30.845000000000         23.800000000000         50.662113538132        127.483284599067        151.066205214301          1.000000000000          0.000000000000         39.900000000000         26.900000000000
        289.400000000000          0.000000000000        411.600000000000         74.800000000000         30.845000000000         23.900000000000         50.661296952107        127.480274225172        151.063797358213          1.000000000000          0.000000000000         39.900000000000         26.900000000000
        298.700000000000          0.000000000000        411.000000000000         74.800000000000         30.845000000000         24.000000000000         50.660317046181        127.476661796545        151.060907925574          1.000000000000          0.000000000000         39.900000000000         26.900000000000
        308.000000000000          0.000000000000        410.400000000000         74.800000000000         30.845000000000         24.100000000000         50.659337137315        127.473049389786        151.058018487118          1.000000000000          0.000000000000         39.900000000000         26.900000000000
        317.400000000000          0.000000000000        409.900000000000         74.800000000000         30.845000000000         24.200000000000         50.658520544346        127.470039067525        151.055610617293          1.000000000000          0.000000000000         39.900000000000         26.900000000000
        326.700000000000          0.000000000000        409.300000000000         74.800000000000         30.845000000000         24.400000000000         50.657540630088        127.466426700857        151.052721168171          1.000000000000          0.000000000000         39.900000000000         26.900000000000
        336.000000000000          0.000000000000        408.700000000000         74.800000000000         30.845000000000         24.500000000000         50.656560712890        127.462814356056        151.049831713231          1.000000000000          0.000000000000         39.900000000000         26.900000000000
        345.300000000000          0.000000000000        408.100000000000         74.800000000000         30.845000000000         24.600000000000         50.655580792750        127.459202033121        151.046942252473          1.000000000000          0.000000000000         39.900000000000         26.900000000000
        354.600000000000          0.000000000000        407.600000000000         74.800000000000         30.845000000000         24.800000000000         50.654764190388        127.456191780711        151.044534364065          1.000000000000          0.000000000000         39.900000000000         26.900000000000
        364.000000000000          0.000000000000        407.100000000000         74.800000000000         30.845000000000         24.900000000000         50.653947585984        127.453181543485        151.042126471617          1.000000000000          0.000000000000         39.900000000000         26.900000000000
        373.300000000000          0.000000000000        406.500000000000         74.800000000000         30.845000000000         25.000000000000         50.652967658004        127.449569278856        151.039236995347          1.000000000000          0.000000000000         39.900000000000         26.900000000000
        382.600000000000          0.000000000000        405.900000000000         74.800000000000         30.845000000000         25.100000000000         50.651987727084        127.445957036091        151.036347513261          1.000000000000          0.000000000000         39.900000000000         26.900000000000
        392.000000000000          0.000000000000        405.400000000000         74.800000000000         30.845000000000         25.200000000000         50.651171115737        127.442946850488        151.033939607078          1.000000000000          0.000000000000         39.900000000000         26.900000000000
        401.400000000000          0.000000000000        404.900000000000         74.800000000000         30.845000000000         25.400000000000         50.650354502349        127.439936680067        151.031531696857          1.000000000000          0.000000000000         39.900000000000         26.900000000000
        410.700000000000          0.000000000000        404.300000000000         74.800000000000         30.845000000000         25.500000000000         50.649374563589        127.436324495601        151.028642199259          1.000000000000          0.000000000000         39.900000000000         26.900000000000
        420.000000000000          0.000000000000        403.800000000000         74.800000000000         30.845000000000         25.600000000000         50.648557945709        127.433314358580        151.026234280151          1.000000000000          0.000000000000         39.900000000000         26.900000000000
        429.400000000000          0.000000000000        403.200000000000         74.800000000000         30.845000000000         25.800000000000         50.647578001559        127.429702214193        151.023344771891          1.000000000000          0.000000000000         39.900000000000         26.900000000000
        438.700000000000          0.000000000000        402.700000000000         74.800000000000         30.845000000000         25.900000000000         50.646761379187        127.426692110569        151.020936843897          1.000000000000          0.000000000000         39.900000000000         26.900000000000
        448.000000000000          0.000000000000        402.100000000000         74.800000000000         30.845000000000         26.000000000000         50.645781429647        127.423080006258        151.018047324974          1.000000000000          0.000000000000         39.900000000000         26.900000000000
        457.300000000000          0.000000000000        401.600000000000         74.800000000000         30.845000000000         26.100000000000         50.644964802785        127.420069936030        151.015639388095          1.000000000000          0.000000000000         39.900000000000         26.900000000000
        466.600000000000          0.000000000000        401.000000000000         74.800000000000         30.845000000000         26.200000000000         50.643984847856        127.416457871794        151.012749858510          1.000000000000          0.000000000000         39.900000000000         26.900000000000
        476.000000000000          0.000000000000        400.400000000000         74.800000000000         30.845000000000         26.400000000000         50.643004889987        127.412845829414        151.009860323109          1.000000000000          0.000000000000         39.900000000000         26.900000000000
        485.300000000000          0.000000000000        399.900000000000         74.800000000000         30.845000000000         26.500000000000         50.642188256184        127.409835810795        151.007452372499          1.000000000000          0.000000000000         39.900000000000         26.900000000000
        494.700000000000          0.000000000000        399.300000000000         74.800000000000         30.845000000000         26.600000000000         50.641208292926        127.406223808486        151.004562826436          1.000000000000          0.000000000000         39.900000000000         26.900000000000
        504.000000000000          0.000000000000        398.800000000000         74.800000000000         30.845000000000         26.800000000000         50.640391654633        127.403213823258        151.002154866942          1.000000000000          0.000000000000         39.900000000000         26.900000000000
        513.400000000000          0.000000000000        398.200000000000         74.800000000000         30.845000000000         26.900000000000         50.639411685987        127.399601861017        150.999265310219          1.000000000000          0.000000000000         39.900000000000         26.900000000000
        522.700000000000          0.000000000000        397.600000000000         74.800000000000         30.845000000000         27.000000000000         50.638431714401        127.395989920631        150.996375747681          1.000000000000          0.000000000000         39.900000000000         26.900000000000
        532.000000000000          0.000000000000        397.100000000000         74.800000000000         30.845000000000         27.100000000000         50.637615069168        127.392979987004        150.993967774458          1.000000000000          0.000000000000         39.900000000000         26.900000000000
        541.400000000000          0.000000000000        396.500000000000         74.800000000000         30.845000000000         27.200000000000         50.636635092195        127.389368086683        150.991078201260          1.000000000000          0.000000000000         39.900000000000         26.900000000000
        550.700000000000          0.000000000000        395.900000000000         74.800000000000         30.845000000000         27.400000000000         50.635655112282        127.385756208214        150.988188622247          1.000000000000          0.000000000000         39.900000000000         26.900000000000
        560.000000000000          0.000000000000        395.400000000000         74.800000000000         30.845000000000         27.500000000000         50.634838460110        127.382746326183        150.985780635296          1.000000000000          0.000000000000         39.900000000000         26.900000000000
        569.300000000000          0.000000000000        394.800000000000         74.800000000000         30.845000000000         27.600000000000         50.633858474810        127.379134487776        150.982891045624          1.000000000000          0.000000000000         39.900000000000         26.900000000000
        578.600000000000          0.000000000000        394.300000000000         74.800000000000         30.845000000000         27.800000000000         50.633041818148        127.376124639128        150.980483049790          1.000000000000          0.000000000000         39.900000000000         26.900000000000
        588.000000000000          0.000000000000        393.800000000000         74.800000000000         30.845000000000         27.900000000000         50.632225159446        127.373114805655        150.978075049918          1.000000000000          0.000000000000         39.900000000000         26.900000000000
        597.300000000000          0.000000000000        393.200000000000         74.800000000000         30.845000000000         28.000000000000         50.631245166309        127.369503025515        150.975185444743          1.000000000000          0.000000000000         39.900000000000         26.900000000000
        606.600000000000          0.000000000000        392.600000000000         74.800000000000         30.845000000000         28.100000000000         50.630265170234        127.365891267224        150.972295833754          1.000000000000          0.000000000000         39.900000000000         26.900000000000
        616.000000000000          0.000000000000        392.100000000000         74.800000000000         30.845000000000         28.200000000000         50.629448504594        127.362881485338        150.969887820156          1.000000000000          0.000000000000         39.900000000000         26.900000000000
        625.400000000000          0.000000000000        391.600000000000         74.800000000000         30.845000000000         28.400000000000         50.628631836913        127.359871718624        150.967479802521          1.000000000000          0.000000000000         39.900000000000         26.900000000000
        634.700000000000          0.000000000000        391.000000000000         74.800000000000         30.845000000000         28.500000000000         50.627651833003        127.356260018594        150.964590176030          1.000000000000          0.000000000000         39.900000000000         26.900000000000
        644.000000000000          0.000000000000        390.400000000000         74.800000000000         30.845000000000         28.600000000000         50.626671826154        127.352648340410        150.961700543727          1.000000000000          0.000000000000         39.900000000000         26.900000000000
        653.400000000000          0.000000000000        389.900000000000         74.800000000000         30.845000000000         28.800000000000         50.625855151536        127.349638625278        150.959292512366          1.000000000000          0.000000000000         39.900000000000         26.900000000000
        662.700000000000          0.000000000000        389.400000000000         74.800000000000         30.845000000000         28.900000000000         50.625038474878        127.346628925317        150.956884476970          1.000000000000          0.000000000000         39.900000000000         26.900000000000
        672.000000000000          0.000000000000        388.800000000000         74.800000000000         30.845000000000         29.000000000000         50.624058460194        127.343017305387        150.953994829165          1.000000000000          0.000000000000         39.900000000000         26.900000000000
        681.300000000000          0.000000000000        388.200000000000         74.800000000000         30.845000000000         29.100000000000         50.623078442573        127.339405707302        150.951105175549          1.000000000000          0.000000000000         39.900000000000         26.900000000000
        690.600000000000          0.000000000000        387.700000000000         74.800000000000         30.845000000000         29.200000000000         50.622261758978        127.336396058917        150.948697126428          1.000000000000          0.000000000000         39.900000000000         26.900000000000
        700.000000000000          0.000000000000        387.200000000000         74.800000000000         30.845000000000         29.400000000000         50.621445073343        127.333386425700        150.946289073271          1.000000000000          0.000000000000         39.900000000000         26.900000000000
        709.300000000000          0.000000000000        386.600000000000         74.800000000000         30.845000000000         29.500000000000         50.620465047888        127.329774885863        150.943399404156          1.000000000000          0.000000000000         39.900000000000         26.900000000000
        718.600000000000          0.000000000000        386.000000000000         74.800000000000         30.845000000000         29.600000000000         50.619485019496        127.326163367867        150.940509729228          1.000000000000          0.000000000000         39.900000000000         26.900000000000
        728.000000000000          0.000000000000        385.500000000000         74.800000000000         30.845000000000         29.800000000000         50.618668326925        127.323153786221        150.938101662349          1.000000000000          0.000000000000         39.900000000000         26.900000000000
        737.400000000000          0.000000000000        384.900000000000         74.800000000000         30.845000000000         29.900000000000         50.617688293147        127.319542308267        150.935211976766          1.000000000000          0.000000000000         39.900000000000         26.900000000000
        746.700000000000          0.000000000000        384.300000000000         74.800000000000         30.845000000000         30.000000000000         50.616708256432        127.315930852152        150.932322285372          1.000000000000          0.000000000000         39.900000000000         26.900000000000
        756.000000000000          0.000000000000        383.800000000000         74.800000000000         30.845000000000         30.100000000000         50.615891556926        127.312921322072        150.929914204772          1.000000000000          0.000000000000         39.900000000000         26.900000000000
        765.400000000000          0.000000000000        383.200000000000         74.800000000000         30.845000000000         30.200000000000         50.614911514826        127.309309905996        150.927024502724          1.000000000000          0.000000000000         39.900000000000         26.900000000000
        774.700000000000          0.000000000000        382.700000000000         74.800000000000         30.845000000000         30.400000000000         50.614094810832        127.306300409280        150.924616413245          1.000000000000          0.000000000000         39.900000000000         26.900000000000
        784.000000000000          0.000000000000        382.100000000000         74.800000000000         30.845000000000         30.500000000000         50.613114763348        127.302689033239        150.921726700544          1.000000000000          0.000000000000         39.900000000000         26.900000000000
        793.400000000000          0.000000000000        381.600000000000         74.800000000000         30.845000000000         30.600000000000         50.612298054867        127.299679569886        150.919318602187          1.000000000000          0.000000000000         39.900000000000         26.900000000000
        802.700000000000          0.000000000000        381.000000000000         74.800000000000         30.845000000000         30.800000000000         50.611318001998        127.296068233878        150.916428878833          1.000000000000          0.000000000000         39.900000000000         26.900000000000
        812.000000000000          0.000000000000        380.400000000000         74.800000000000         30.845000000000         30.900000000000         50.610337946193        127.292456919706        150.913539149668          1.000000000000          0.000000000000         39.900000000000         26.900000000000
        821.400000000000          0.000000000000        379.900000000000         74.800000000000         30.845000000000         31.000000000000         50.609521230778        127.289447507909        150.911131037593          1.000000000000          0.000000000000         39.900000000000         26.900000000000
        830.700000000000          0.000000000000        379.300000000000         74.800000000000         30.845000000000         31.100000000000         50.608541169588        127.285836233767        150.908241297776          1.000000000000          0.000000000000         39.900000000000         26.900000000000
        840.000000000000          0.000000000000        378.800000000000         74.800000000000         30.845000000000         31.200000000000         50.607724449687        127.282826855327        150.905833176824          1.000000000000          0.000000000000         39.900000000000         26.900000000000
        849.400000000000          0.000000000000        378.200000000000         74.800000000000         30.845000000000         31.400000000000         50.606744383114        127.279215621213        150.902943426355          1.000000000000          0.000000000000         39.900000000000         26.900000000000
        858.700000000000          0.000000000000        377.700000000000         74.800000000000         30.845000000000         31.500000000000         50.605927658726        127.276206276129        150.900535296527          1.000000000000          0.000000000000         39.900000000000         26.900000000000
        868.000000000000          0.000000000000        377.100000000000         74.800000000000         30.845000000000         31.600000000000         50.604947586770        127.272595082040        150.897645535407          1.000000000000          0.000000000000         39.900000000000         26.900000000000
        877.400000000000          0.000000000000        376.600000000000         74.800000000000         30.845000000000         31.800000000000         50.604130857896        127.269585770310        150.895237396703          1.000000000000          0.000000000000         39.900000000000         26.900000000000
        886.700000000000          0.000000000000        376.100000000000         74.800000000000         30.845000000000         31.900000000000         50.603314126984        127.266576473739        150.892829253964          1.000000000000          0.000000000000         39.900000000000         26.900000000000
        896.000000000000          0.000000000000        375.500000000000         74.800000000000         30.845000000000         32.000000000000         50.602334047197        127.262965337866        150.889939477353          1.000000000000          0.000000000000         39.900000000000         26.900000000000
        905.400000000000          0.000000000000        374.900000000000         74.800000000000         30.845000000000         32.100000000000         50.601353964475        127.259354223822        150.887049694933          1.000000000000          0.000000000000         39.900000000000         26.900000000000
        914.700000000000          0.000000000000        374.400000000000         74.800000000000         30.845000000000         32.200000000000         50.600537226630        127.256344978793        150.884641538478          1.000000000000          0.000000000000         39.900000000000         26.900000000000
        924.000000000000          0.000000000000        373.800000000000         74.800000000000         30.845000000000         32.400000000000         50.599557138525        127.252733904768        150.881751745408          1.000000000000          0.000000000000         39.900000000000         26.900000000000
        933.400000000000          0.000000000000        373.200000000000         74.800000000000         30.845000000000         32.500000000000         50.598577047484        127.249122852571        150.878861946530          1.000000000000          0.000000000000         39.900000000000         26.900000000000
        942.700000000000          0.000000000000        372.600000000000         74.800000000000         30.845000000000         32.600000000000         50.597596953507        127.245511822200        150.875972141842          1.000000000000          0.000000000000         39.900000000000         26.900000000000
        952.000000000000          0.000000000000        372.100000000000         74.800000000000         30.845000000000         32.800000000000         50.596780206284        127.242502646897        150.873563966833          1.000000000000          0.000000000000         39.900000000000         26.900000000000
        961.400000000000          0.000000000000        371.600000000000         74.800000000000         30.845000000000         32.900000000000         50.595963457022        127.239493486751        150.871155787790          1.000000000000          0.000000000000         39.900000000000         26.900000000000
        970.700000000000          0.000000000000        371.000000000000         74.800000000000         30.845000000000         33.000000000000         50.594983355218        127.235882514583        150.868265967614          1.000000000000          0.000000000000         39.900000000000         26.900000000000
        980.000000000000          0.000000000000        370.400000000000         74.800000000000         30.845000000000         33.100000000000         50.594003250477        127.232271564238        150.865376141630          1.000000000000          0.000000000000         39.900000000000         26.900000000000
        989.400000000000          0.000000000000        369.900000000000         74.800000000000         30.845000000000         33.200000000000         50.593186494285        127.229262455623        150.862967948873          1.000000000000          0.000000000000         39.900000000000         26.900000000000
        998.700000000000          0.000000000000        369.400000000000         74.800000000000         30.845000000000         33.400000000000         50.592369736054        127.226253362162        150.860559752084          1.000000000000          0.000000000000         39.900000000000         26.900000000000
       1008.000000000000          0.000000000000        368.800000000000         74.800000000000         30.845000000000         33.500000000000         50.591389623486        127.222642470013        150.857669910613          1.000000000000          0.000000000000         39.900000000000         26.900000000000
       1017.400000000000          0.000000000000        368.200000000000         74.800000000000         30.845000000000         33.600000000000         50.590409507983        127.219031599686        150.854780063334          1.000000000000          0.000000000000         39.900000000000         26.900000000000
       1026.700000000000          0.000000000000        367.700000000000         74.800000000000         30.845000000000         33.800000000000         50.589592742822        127.216022557750        150.852371852833          1.000000000000          0.000000000000         39.900000000000         26.900000000000
       1036.100000000000          0.000000000000        367.200000000000         74.800000000000         30.845000000000         33.900000000000         50.588775975623        127.213013530966        150.849963638298          1.000000000000          0.000000000000         39.900000000000         26.900000000000
       1045.400000000000          0.000000000000        366.600000000000         74.800000000000         30.845000000000         34.000000000000         50.587795852293        127.209402718829        150.847073775534          1.000000000000          0.000000000000         39.900000000000         26.900000000000
       1054.700000000000          0.000000000000        366.100000000000         74.800000000000         30.845000000000         34.100000000000         50.586979080610        127.206393725382        150.844665552128          1.000000000000          0.000000000000         39.900000000000         26.900000000000
       1064.100000000000          0.000000000000        365.500000000000         74.800000000000         30.845000000000         34.200000000000         50.586011019633        127.202654236427        150.841807651338          1.000000000000          0.000000000000         39.900000000000         26.900000000000
       1073.400000000000          0.000000000000        364.900000000000         74.800000000000         30.845000000000         34.400000000000         50.585058737835        127.198746437453        150.838991556184          1.000000000000          0.000000000000         39.900000000000         26.900000000000
       1082.700000000000          0.000000000000        364.400000000000         74.800000000000         30.845000000000         34.500000000000         50.584265169257        127.195489938977        150.836644808320          1.000000000000          0.000000000000         39.900000000000         26.900000000000
       1092.000000000000          0.000000000000        363.800000000000         74.800000000000         30.845000000000         34.600000000000         50.583312886468        127.191582141608        150.833828708601          1.000000000000          0.000000000000         39.900000000000         26.900000000000
       1101.300000000000          0.000000000000        363.300000000000         74.800000000000         30.845000000000         34.800000000000         50.582519317064        127.188325644469        150.831481956933          1.000000000000          0.000000000000         39.900000000000         26.900000000000
       1110.700000000000          0.000000000000        362.800000000000         74.800000000000         30.845000000000         34.900000000000         50.581725747285        127.185069147939        150.829135203535          1.000000000000          0.000000000000         39.900000000000         26.900000000000
       1120.000000000000          0.000000000000        362.200000000000         74.800000000000         30.845000000000         35.000000000000         50.580773463053        127.181161352904        150.826319097175          1.000000000000          0.000000000000         39.900000000000         26.900000000000
       1129.300000000000          0.000000000000        361.600000000000         74.800000000000         30.845000000000         35.100000000000         50.579821178281        127.177253558745        150.823502988326          1.000000000000          0.000000000000         39.900000000000         26.900000000000
       1138.700000000000          0.000000000000        361.000000000000         74.800000000000         30.845000000000         35.200000000000         50.578868892969        127.173345765462        150.820686876986          1.000000000000          0.000000000000         39.900000000000         26.900000000000
       1148.100000000000          0.000000000000        360.500000000000         74.800000000000         30.845000000000         35.400000000000         50.578075321462        127.170089271728        150.818340115635          1.000000000000          0.000000000000         39.900000000000         26.900000000000
       1157.400000000000          0.000000000000        359.900000000000         74.800000000000         30.845000000000         35.500000000000         50.577123035158        127.166181480049        150.815523999730          1.000000000000          0.000000000000         39.900000000000         26.900000000000
       1166.700000000000          0.000000000000        359.300000000000         74.800000000000         30.845000000000         35.600000000000         50.576170748313        127.162273689245        150.812707881336          1.000000000000          0.000000000000         39.900000000000         26.900000000000
       1176.100000000000          0.000000000000        358.800000000000         74.800000000000         30.845000000000         35.800000000000         50.575377175529        127.159017197577        150.810361114106          1.000000000000          0.000000000000         39.900000000000         26.900000000000
       1185.400000000000          0.000000000000        358.200000000000         74.800000000000         30.845000000000         35.900000000000         50.574424887693        127.155109408378        150.807544991147          1.000000000000          0.000000000000         39.900000000000         26.900000000000
       1194.700000000000          0.000000000000        357.700000000000         74.800000000000         30.845000000000         36.000000000000         50.573631314084        127.151852918047        150.805198220113          1.000000000000          0.000000000000         39.900000000000         26.900000000000
       1204.000000000000          0.000000000000        357.100000000000         74.800000000000         30.845000000000         36.100000000000         50.572679025256        127.147945130453        150.802382092591          1.000000000000          0.000000000000         39.900000000000         26.900000000000
       1213.300000000000          0.000000000000        356.600000000000         74.800000000000         30.845000000000         36.200000000000         50.571885450821        127.144688641459        150.800035317753          1.000000000000          0.000000000000         39.900000000000         26.900000000000
       1222.700000000000          0.000000000000        356.100000000000         74.800000000000         30.845000000000         36.400000000000         50.571091876010        127.141432153072        150.797688541187          1.000000000000          0.000000000000         39.900000000000         26.900000000000
       1232.000000000000          0.000000000000        355.500000000000         74.800000000000         30.845000000000         36.500000000000         50.570139585741        127.137524367811        150.794872407025          1.000000000000          0.000000000000         39.900000000000         26.900000000000
       1241.300000000000          0.000000000000        354.900000000000         74.800000000000         30.845000000000         36.600000000000         50.569187294931        127.133616583425        150.792056270374          1.000000000000          0.000000000000         39.900000000000         26.900000000000
       1250.700000000000          0.000000000000        354.400000000000         74.800000000000         30.845000000000         36.800000000000         50.568393718843        127.130360097104        150.789709487930          1.000000000000          0.000000000000         39.900000000000         26.900000000000
       1260.100000000000          0.000000000000        353.900000000000         74.800000000000         30.845000000000         36.900000000000         50.567600142380        127.127103611391        150.787362703757          1.000000000000          0.000000000000         39.900000000000         26.900000000000
       1269.400000000000          0.000000000000        353.300000000000         74.800000000000         30.845000000000         37.000000000000         50.566647850129        127.123195829338        150.784546560468          1.000000000000          0.000000000000         39.900000000000         26.900000000000
       1278.700000000000          0.000000000000        352.800000000000         74.800000000000         30.845000000000         37.100000000000         50.565854272840        127.119939344962        150.782199772492          1.000000000000          0.000000000000         39.900000000000         26.900000000000
       1288.100000000000          0.000000000000        352.200000000000         74.800000000000         30.845000000000         37.200000000000         50.564901979598        127.116031564512        150.779383624639          1.000000000000          0.000000000000         39.900000000000         26.900000000000
       1297.400000000000          0.000000000000        351.700000000000         74.800000000000         30.845000000000         37.400000000000         50.564108401483        127.112775081472        150.777036832860          1.000000000000          0.000000000000         39.900000000000         26.900000000000
       1306.700000000000          0.000000000000        351.100000000000         74.800000000000         30.845000000000         37.500000000000         50.563156107250        127.108867302626        150.774220680444          1.000000000000          0.000000000000         39.900000000000         26.900000000000
       1316.000000000000          0.000000000000        350.500000000000         74.800000000000         30.845000000000         37.600000000000         50.562203812476        127.104959524655        150.771404525539          1.000000000000          0.000000000000         39.900000000000         26.900000000000
       1325.300000000000          0.000000000000        350.000000000000         74.800000000000         30.845000000000         37.800000000000         50.561410233085        127.101703043680        150.769057727883          1.000000000000          0.000000000000         39.900000000000         26.900000000000
       1334.700000000000          0.000000000000        349.400000000000         74.800000000000         30.845000000000         37.900000000000         50.560457937320        127.097795267312        150.766241568415          1.000000000000          0.000000000000         39.900000000000         26.900000000000
       1344.000000000000          0.000000000000        348.800000000000         74.800000000000         30.845000000000         38.000000000000         50.559505641015        127.093887491819        150.763425406458          1.000000000000          0.000000000000         39.900000000000         26.900000000000
       1353.300000000000          0.000000000000        348.200000000000         74.800000000000         30.845000000000         38.100000000000         50.558553344169        127.089979717200        150.760609242011          1.000000000000          0.000000000000         39.900000000000         26.900000000000
       1362.700000000000          0.000000000000        347.700000000000         74.800000000000         30.845000000000         38.200000000000         50.557759763051        127.086723239019        150.758262436405          1.000000000000          0.000000000000         39.900000000000         26.900000000000
       1372.100000000000          0.000000000000        347.200000000000         74.800000000000         30.845000000000         38.400000000000         50.556966181558        127.083466761445        150.755915629071          1.000000000000          0.000000000000         39.900000000000         26.900000000000
       1381.400000000000          0.000000000000        346.600000000000         74.800000000000         30.845000000000         38.500000000000         50.556013883270        127.079558989158        150.753099457988          1.000000000000          0.000000000000         39.900000000000         26.900000000000
       1390.700000000000          0.000000000000        346.100000000000         74.800000000000         30.845000000000         38.600000000000         50.555220300951        127.076302512920        150.750752646851          1.000000000000          0.000000000000         39.900000000000         26.900000000000
       1400.100000000000          0.000000000000        345.500000000000         74.800000000000         30.845000000000         38.800000000000         50.554268001673        127.072394742236        150.747936471206          1.000000000000          0.000000000000         39.900000000000         26.900000000000
       1409.400000000000          0.000000000000        344.900000000000         74.800000000000         30.845000000000         38.900000000000         50.553315701855        127.068486972426        150.745120293072          1.000000000000          0.000000000000         39.900000000000         26.900000000000
       1418.700000000000          0.000000000000        344.400000000000         74.800000000000         30.845000000000         39.000000000000         50.552522118260        127.065230498253        150.742773476060          1.000000000000          0.000000000000         39.900000000000         26.900000000000
       1428.000000000000          0.000000000000        343.800000000000         74.800000000000         30.845000000000         39.100000000000         50.551569817450        127.061322730046        150.739957293364          1.000000000000          0.000000000000         39.900000000000         26.900000000000
       1437.300000000000          0.000000000000        343.300000000000         74.800000000000         30.845000000000         39.200000000000         50.550776233030        127.058066257208        150.737610472549          1.000000000000          0.000000000000         39.900000000000         26.900000000000
       1446.700000000000          0.000000000000        342.800000000000         74.800000000000         30.845000000000         39.400000000000         50.549982648234        127.054809784976        150.735263650007          1.000000000000          0.000000000000         39.900000000000         26.900000000000
       1456.000000000000          0.000000000000        342.200000000000         74.800000000000         30.845000000000         39.500000000000         50.549030345983        127.050902019101        150.732447460675          1.000000000000          0.000000000000         39.900000000000         26.900000000000
       1465.300000000000          0.000000000000        341.600000000000         74.800000000000         30.845000000000         39.600000000000         50.548078043192        127.046994254099        150.729631268855          1.000000000000          0.000000000000         39.900000000000         26.900000000000
#Treibstoffverbrauch im untersuchten Flugsegment:  18.38 kg
#PANAM_NG_V5.3.0|L_Bertsch|WIN7|21.12.2023
