24959 UEEE Jakutsk Observations at 00Z 06 Jan 2024
-----------------------------------------------------------------------------
   PRES   HGHT   TEMP   DWPT   RELH   MIXR   DRCT   SKNT   THTA   THTE   THTV
    hPa     m      C      C      %    g/kg    deg   knot     K      K      K 
-----------------------------------------------------------------------------
 1017.0    101  -40.1  -48.1     42   0.05    265      2  231.9  232.1  231.9
 1000.0    221  -38.3  -49.3     30   0.04    160      6  234.8  235.0  234.9
  998.0    235  -38.1  -49.1     31   0.04    150      6  235.2  235.4  235.2
  951.0    565  -32.3  -43.3     33   0.09    204      7  244.3  244.6  244.3
  938.0    660  -32.9  -43.4     34   0.09    220      8  244.7  244.9  244.7
  925.0    756  -33.5  -43.5     36   0.09    230     10  245.1  245.3  245.1
  880.0   1111  -35.6  -45.6     35   0.07    255     10  246.4  246.6  246.4
  874.0   1159  -35.9  -45.9     35   0.07    251     12  246.6  246.8  246.6
  850.0   1358  -32.5  -42.5     36   0.11    235     19  252.1  252.4  252.1
  833.0   1500  -30.1  -40.1     37   0.14    228     21  256.1  256.5  256.1
  825.0   1568  -30.0  -39.8     38   0.15    225     21  256.9  257.4  256.9
  799.0   1794  -29.5  -38.8     40   0.17    220     19  259.8  260.3  259.8
  787.0   1901  -29.3  -38.3     41   0.18    220     19  261.1  261.7  261.1
  706.0   2664  -31.9  -40.9     41   0.15    220     19  266.5  267.0  266.5
  700.0   2724  -32.1  -41.1     40   0.15    220     17  266.9  267.4  266.9
  665.0   3086  -33.3  -42.3     40   0.14    200     21  269.5  269.9  269.5
  608.0   3717  -35.5  -44.5     39   0.12    200     24  274.0  274.4  274.0
  541.0   4524  -41.3  -50.3     37   0.07    200     27  276.3  276.6  276.4
  535.0   4600  -41.6  -50.6     37   0.07    200     27  276.9  277.1  276.9
  501.0   5046  -43.2  -52.2     36   0.06    190     21  280.1  280.3  280.1
  500.0   5060  -43.3  -52.3     36   0.06    190     21  280.2  280.4  280.2
  470.0   5470  -45.5  -54.5     36   0.05    165     17  282.4  282.6  282.4
  433.0   6014  -48.5  -57.5     34   0.04    160     14  285.3  285.4  285.3
  431.0   6045  -48.7  -57.7     34   0.04    157     13  285.5  285.6  285.5
  402.0   6498  -52.2  -61.2     33   0.02    115     12  286.6  286.7  286.6
  400.0   6530  -52.5  -61.5     33   0.02    115     12  286.7  286.8  286.7
  385.0   6775  -55.1  -64.1     32   0.02    115     13  286.4  286.5  286.4
  334.0   7672  -59.3  -68.3     30   0.01    115     19  292.5  292.6  292.5
  311.0   8116  -60.5  -68.8     33   0.01    115     21  296.9  296.9  296.9
  300.0   8340  -61.1  -69.1     34   0.01    125     14  299.1  299.2  299.1
  289.0   8572  -62.1  -70.1     33   0.01    135      8  300.9  300.9  300.9
  287.0   8615  -62.3  -70.3     33   0.01    130      8  301.2  301.2  301.2
  270.0   8992  -62.5  -70.5     33   0.01    106     10  306.2  306.3  306.2
  269.0   9016  -62.4  -70.4     33   0.01    105     10  306.6  306.7  306.7
  250.0   9470  -60.9  -68.9     34   0.01    140      8  315.4  315.5  315.4
  244.0   9622  -59.5  -68.5     30   0.02    151      8  319.7  319.8  319.7
  200.0  10870  -59.9  -68.9     30   0.02    245      6  337.8  337.8  337.8
  191.0  11158  -59.7  -68.7     30   0.02    270      4  342.5  342.6  342.5
  179.0  11564  -59.4  -68.4     30   0.02    245     10  349.4  349.5  349.4
  150.0  12670  -58.7  -67.7     30   0.03    275     12  368.8  368.9  368.8
  148.0  12755  -58.6  -67.6     30   0.03    275     12  370.4  370.5  370.4
  138.0  13199  -58.0  -67.0     31   0.03    240     14  378.9  379.1  378.9
  103.0  15053  -55.4  -64.4     32   0.06    230     23  416.9  417.3  417.0
  100.0  15240  -55.1  -64.1     32   0.07    230     25  421.0  421.4  421.0
   90.0  15916  -53.6  -63.1     30   0.09    220     29  436.8  437.3  436.8
   81.9  16521  -52.3  -62.3     29   0.11    222     36  451.4  452.1  451.5
   70.0  17550  -45.9  -55.9     31   0.28    225     49  485.8  487.6  485.9
   68.6  17685  -45.1  -55.1     32   0.32    225     50  490.4  492.4  490.4
   62.2  18351  -37.7  -48.7     31   0.74    225     56  520.6  525.4  520.9
   53.0  19472  -33.5  -45.9     27   1.18    225     66  554.8  562.9  555.2
   50.0  19880  -31.9  -44.9     26   1.40    220     66  567.8  577.6  568.3
   49.2  19994  -30.9  -44.9     24   1.43    219     67  572.8  582.8  573.3
   41.7  21167  -30.5  -45.5     22   1.58    207     71  601.5  613.2  602.1
   38.3  21766  -34.5  -50.5     18   0.98    201     74  606.1  613.6  606.5
   38.0  21821  -34.2  -50.3     18   1.01    200     74  608.2  616.0  608.6
   34.7  22460  -30.9  -47.9     17   1.45    206     73  632.9  644.3  633.4
   33.0  22815  -31.0  -48.4     17   1.44    210     72  641.6  653.2  642.2
   30.0  23490  -31.3  -49.3     15   1.43    205     72  658.6  670.5  659.2
   20.0  26380  -30.1  -53.1      9   1.38    190     76  743.2  756.4  743.8
   17.1  27498  -29.6  -54.9      7   1.30    185     78  778.7  791.8  779.3
   15.0  28433  -29.3  -56.4      5   1.24    185     74  809.6  822.7  810.2
Station information and sounding indices
                         Station identifier: UEEE
                             Station number: 24959
                           Observation time: 240106/0000
                           Station latitude: 62.01
                          Station longitude: 129.71
                          Station elevation: 101.0
                            Showalter index: 22.81
                               Lifted index: 34.16
    LIFT computed using virtual temperature: 34.16
                                SWEAT index: 60.22
                                    K index: -40.70
                         Cross totals index: 0.80
                      Vertical totals index: 10.80
                        Totals totals index: 11.60
      Convective Available Potential Energy: 0.00
             CAPE using virtual temperature: 0.00
                      Convective Inhibition: 0.00
             CINS using virtual temperature: 0.00
                     Bulk Richardson Number: 0.00
          Bulk Richardson Number using CAPV: 0.00
  Temp [K] of the Lifted Condensation Level: 224.83
Pres [hPa] of the Lifted Condensation Level: 814.75
   Equivalent potential temp [K] of the LCL: 238.56
     Mean mixed layer potential temperature: 238.44
              Mean mixed layer mixing ratio: 0.06
              1000 hPa to 500 hPa thickness: 4839.00
Precipitable water [mm] for entire sounding: 1.41
Description of the data columns or sounding indices.


 
Interested in graduate studies in atmospheric science? Check out our program at the University of Wyoming
Questions about the weather data provided by this site can be addressed to Larry Oolman (ldoolman@uwyo.edu)
