93112 NZWP Whenuapai Observations at 12Z 29 May 2024
-----------------------------------------------------------------------------
   PRES   HGHT   TEMP   DWPT   RELH   MIXR   DRCT   SKNT   THTA   THTE   THTV
    hPa     m      C      C      %    g/kg    deg   knot     K      K      K 
-----------------------------------------------------------------------------
 1008.0     27   10.6    7.1     79   6.31    220     19  283.1  300.8  284.2
 1000.0    100   13.2    3.2     51   4.84    218     23  286.4  300.3  287.2
  996.0    134   13.2    3.2     51   4.86    216     26  286.7  300.7  287.5
  975.7    305   11.6    2.8     54   4.80    210     37  286.8  300.6  287.6
  940.6    610    8.9    2.0     62   4.71    220     44  287.0  300.6  287.8
  925.0    749    7.6    1.6     66   4.67    220     45  287.1  300.6  287.9
  906.5    914    6.0    0.8     69   4.50    220     46  287.1  300.1  287.9
  850.0   1438    1.0   -1.7     82   3.99    215     48  287.2  298.8  287.9
  844.0   1495    0.6   -2.4     80   3.82    215     48  287.3  298.5  288.0
  778.9   2134   -3.9   -4.5     95   3.53    220     54  289.2  299.7  289.8
  770.0   2225   -4.5   -4.8     98   3.49    220     55  289.5  299.8  290.1
  760.0   2328   -5.1   -6.3     91   3.16    220     57  289.9  299.3  290.5
  749.4   2438   -5.5   -8.4     80   2.72    220     58  290.6  298.8  291.1
  723.0   2719   -6.7  -13.7     57   1.85    220     57  292.3  298.1  292.6
  700.0   2970   -9.1  -14.1     67   1.84    220     56  292.4  298.1  292.7
  666.0   3353  -11.6  -17.4     62   1.47    220     49  293.8  298.4  294.1
  659.0   3434  -12.1  -18.1     61   1.40    221     50  294.1  298.6  294.3
  635.0   3716  -14.7  -16.1     89   1.72    223     53  294.3  299.7  294.6
  614.6   3962  -15.8  -19.4     74   1.34    225     56  295.8  300.1  296.0
  594.0   4220  -16.9  -22.9     60   1.03    217     64  297.4  300.7  297.6
  590.3   4267  -17.1  -26.3     45   0.76    215     65  297.6  300.2  297.8
  588.0   4296  -17.3  -28.3     38   0.64    215     66  297.8  299.9  297.9
  584.0   4347  -16.9  -35.9     18   0.31    215     68  298.8  299.9  298.9
  583.0   4360  -16.7  -33.7     22   0.38    215     68  299.2  300.5  299.3
  554.0   4742  -18.1  -42.1     10   0.17    213     80  301.9  302.6  302.0
  500.0   5500  -22.9  -50.9      6   0.07    210    104  305.1  305.3  305.1
  492.0   5619  -23.5  -51.5      6   0.07    210    105  305.7  306.0  305.8
  480.4   5791  -25.0  -50.2      8   0.08    210    107  306.0  306.3  306.0
  422.0   6724  -32.9  -42.9     36   0.21    206    115  307.4  308.2  307.4
  410.0   6927  -34.1  -53.1     13   0.07    205    117  308.4  308.7  308.4
  405.2   7010  -34.5  -53.5     13   0.07    205    118  308.9  309.2  309.0
  400.0   7100  -34.9  -53.9     13   0.06    205    110  309.6  309.8  309.6
  373.0   7583  -37.3  -64.3      4   0.02    208    103  312.6  312.7  312.6
  354.6   7925  -39.6  -65.2      5   0.02    210     98  314.0  314.1  314.1
  300.0   9050  -47.3  -68.3      7   0.01    225    115  318.6  318.6  318.6
  296.0   9139  -47.5  -68.5      7   0.01    225    116  319.5  319.6  319.5
  282.3   9449  -48.6  -67.2     10   0.02    225    118  322.2  322.3  322.3
  279.0   9527  -48.9  -66.9     11   0.02    225    114  322.9  323.0  322.9
  251.0  10224  -46.7  -74.7      3   0.01    225     81  336.1  336.1  336.1
  250.0  10250  -46.7  -74.7      3   0.01    225     80  336.5  336.5  336.5
  245.8  10363  -47.4  -74.9      3   0.01    220     80  337.1  337.2  337.1
  234.0  10686  -49.3  -75.3      3   0.01    227     82  339.0  339.0  339.0
  224.0  10975  -44.9  -78.9      1   0.00    233     85  350.0  350.0  350.0
  214.0  11278  -45.2  -79.2      1   0.00    240     87  354.1  354.1  354.1
  200.0  11730  -45.7  -79.7      1   0.00    245     69  360.2  360.3  360.2
  195.3  11887  -45.5  -80.0      1   0.00    245     67  363.1  363.1  363.1
  182.0  12358  -44.7  -80.7      1   0.00    250     72  371.7  371.7  371.7
  170.2  12802  -45.8  -81.1      1   0.00    255     77  377.1  377.1  377.1
  155.3  13411  -47.3  -81.7      1   0.00    260     71  384.5  384.5  384.5
  150.0  13640  -47.9  -81.9      1   0.00    255     74  387.3  387.3  387.3
  128.8  14630  -50.6  -83.5      1   0.00    245     70  399.7  399.7  399.7
  106.7  15850  -54.0  -85.4      1   0.00    260     66  415.4  415.5  415.4
  101.8  16154  -54.8  -85.9      1   0.00    250     68  419.4  419.5  419.4
  100.0  16270  -55.1  -86.1      1   0.00    240     53  421.0  421.0  421.0
   97.0  16459  -55.9  -86.5      1   0.00    240     53  423.1  423.1  423.1
   93.0  16725  -57.0  -87.1      1   0.00    250     46  426.1  426.1  426.1
   83.0  17439  -60.0  -88.7      1   0.00    225     39  434.1  434.1  434.1
   78.2  17813  -61.5  -89.5      1   0.00    235     45  438.4  438.4  438.4
   78.0  17829  -61.5  -89.5      1   0.00    235     45  438.8  438.8  438.8
   73.0  18240  -60.2  -88.2      1   0.00    205     19  449.8  449.8  449.8
   72.6  18274  -60.1  -88.1      1   0.00    203     19  450.7  450.8  450.7
   72.0  18326  -60.6  -88.1      2   0.00    200     18  450.9  450.9  450.9
   70.0  18500  -62.1  -88.1      2   0.00    220     13  451.2  451.2  451.2
   68.0  18678  -63.0  -88.5      2   0.00    245     11  453.1  453.1  453.1
   65.0  18955  -64.3  -89.1      2   0.00    270     19  456.0  456.0  456.0
   62.1  19235  -65.7  -89.7      2   0.00    265     30  458.9  458.9  458.9
   59.0  19550  -64.0  -89.2      2   0.00    270     35  469.4  469.4  469.4
   56.0  19871  -62.4  -88.8      2   0.00    240     41  480.3  480.3  480.3
   54.5  20038  -61.5  -88.5      2   0.00    234     38  486.0  486.0  486.0
   51.0  20448  -63.2  -89.4      2   0.00    220     32  491.4  491.4  491.4
   50.0  20570  -63.7  -89.7      2   0.00    230     34  492.9  493.0  492.9
   49.8  20595  -63.7  -89.7      2   0.00    233     34  493.5  493.5  493.5
   48.0  20824  -61.6  -88.9      2   0.00    260     31  503.7  503.7  503.7
   44.5  21295  -57.3  -87.3      1   0.00    256     23  525.2  525.2  525.2
   44.0  21366  -57.9  -87.9      1   0.00    255     22  525.5  525.5  525.5
   43.8  21395  -58.1  -88.1      1   0.00                525.6  525.7  525.6
Station information and sounding indices
                         Station identifier: NZWP
                             Station number: 93112
                           Observation time: 240529/1200
                           Station latitude: -36.78
                          Station longitude: 174.63
                          Station elevation: 27.0
                            Showalter index: 6.92
                               Lifted index: 5.68
    LIFT computed using virtual temperature: 5.59
                                SWEAT index: 200.00
                                    K index: 17.20
                         Cross totals index: 21.20
                      Vertical totals index: 23.90
                        Totals totals index: 45.10
      Convective Available Potential Energy: 3.38
             CAPE using virtual temperature: 5.13
                      Convective Inhibition: -20.70
             CINS using virtual temperature: -16.79
                           Equilibrum Level: 630.95
 Equilibrum Level using virtual temperature: 630.13
                   Level of Free Convection: 809.76
             LFCT using virtual temperature: 821.67
                     Bulk Richardson Number: 0.04
          Bulk Richardson Number using CAPV: 0.06
  Temp [K] of the Lifted Condensation Level: 274.38
Pres [hPa] of the Lifted Condensation Level: 859.75
   Equivalent potential temp [K] of the LCL: 300.54
     Mean mixed layer potential temperature: 286.50
              Mean mixed layer mixing ratio: 4.91
              1000 hPa to 500 hPa thickness: 5400.00
Precipitable water [mm] for entire sounding: 14.12
Description of the data columns or sounding indices.


 
Interested in graduate studies in atmospheric science? Check out our program at the University of Wyoming
Questions about the weather data provided by this site can be addressed to Larry Oolman (ldoolman@uwyo.edu)
