42809 VECC Calcutta Observations at 12Z 02 May 2024
-----------------------------------------------------------------------------
   PRES   HGHT   TEMP   DWPT   RELH   MIXR   DRCT   SKNT   THTA   THTE   THTV
    hPa     m      C      C      %    g/kg    deg   knot     K      K      K 
-----------------------------------------------------------------------------
  999.0      6   38.8   19.8     33  14.78    135      4  312.0  357.8  314.8
  998.0     15   39.6    3.6     11   4.99    154      5  312.9  329.0  313.9
  996.0     34   40.6    1.6      9   4.33    193      7  314.1  328.2  314.9
  993.0     61   41.2    1.2      8   4.22    251     11  315.0  328.8  315.8
  990.0     89   41.4    1.4      8   4.29    310     14  315.4  329.5  316.2
  986.0    126   41.6    1.6      9   4.38    309     14  316.0  330.4  316.9
  948.0    486   37.2    7.2     16   6.76    294      9  315.1  336.8  316.4
  925.0    709   35.2   10.2     22   8.51    285      6  315.3  342.3  316.9
  906.0    896   32.8   10.8     26   9.05    272      6  314.7  343.3  316.4
  881.0   1147   30.0   12.0     33  10.09    253      6  314.3  346.1  316.2
  857.0   1393   27.2   13.2     42  11.25    235      6  313.9  349.1  316.0
  850.0   1465   26.8   12.8     42  11.04    230      6  314.2  348.8  316.3
  829.0   1685   24.4   13.4     50  11.79    243      6  313.9  350.8  316.1
  803.0   1963   22.0    8.1     41   8.50    260      6  314.3  341.1  315.9
  794.0   2061   21.2    6.2     38   7.54    262      8  314.4  338.3  315.8
  746.0   2596   16.6   -0.4     31   5.01    273     18  315.1  331.2  316.0
  730.0   2780   14.2   -3.8     29   3.97    277     22  314.4  327.4  315.1
  700.0   3132   11.2   -3.8     35   4.14    285     29  314.9  328.4  315.6
  672.0   3470    8.4   -3.6     43   4.38    281     40  315.4  329.7  316.2
  632.0   3972    4.8   -8.0     39   3.33    275     56  316.9  328.0  317.6
  625.0   4063    4.2   -8.8     38   3.16    276     55  317.2  327.8  317.8
  623.0   4089    5.0  -14.0     24   2.09    276     55  318.4  325.6  318.8
  620.0   4128    5.4  -26.6      8   0.71    276     55  319.3  321.9  319.4
  616.0   4181    6.2  -38.8      2   0.22    276     54  320.8  321.7  320.9
  588.0   4559    4.6  -44.4      1   0.13    279     52  323.3  323.8  323.3
  573.0   4769    4.2  -43.8      2   0.14    281     50  325.2  325.8  325.2
  569.0   4825    4.8    3.8     93   8.92    281     50  326.5  356.0  328.3
  532.0   5368    0.2  -42.8      2   0.17    285     45  327.4  328.0  327.4
  529.0   5413   -0.1  -42.2      2   0.18    285     45  327.5  328.3  327.6
  500.0   5860   -3.1  -36.1      6   0.35    275     46  329.2  330.6  329.3
  487.0   6068   -5.1  -35.1      7   0.40    276     48  329.2  330.8  329.3
  469.0   6362   -8.1  -35.1      9   0.41    276     51  329.1  330.7  329.1
  422.0   7174  -13.1  -42.1      7   0.22    279     60  332.7  333.7  332.8
  413.0   7338  -13.7  -43.7      6   0.19    279     61  334.0  334.8  334.1
  400.0   7580  -15.1  -46.1      5   0.15    280     64  335.3  335.9  335.3
  392.0   7732  -15.9  -46.9      5   0.14    279     66  336.2  336.8  336.2
  365.0   8264  -20.5  -47.5      7   0.14    277     72  337.0  337.6  337.0
  349.0   8593  -23.5  -48.5      8   0.13    275     76  337.2  337.8  337.3
  319.0   9242  -28.3  -47.3     14   0.17    272     84  339.4  340.1  339.4
  315.0   9332  -28.3  -48.3     13   0.15    272     86  340.6  341.2  340.6
  303.0   9609  -29.9  -53.9      8   0.08    270     89  342.1  342.5  342.2
  300.0   9680  -29.5  -54.5      7   0.08    270     90  343.7  344.0  343.7
  277.0  10246  -32.5  -56.5      7   0.07    272     88  347.3  347.6  347.3
  250.0  10960  -39.1  -62.1      7   0.04    275     85  347.8  348.0  347.8
  247.0  11043  -40.3  -63.3      7   0.03    275     85  347.2  347.4  347.2
  211.0  12099  -48.1  -77.1      2   0.01    275     87  351.0  351.1  351.0
  200.0  12450  -50.3  -79.3      2   0.00    275     87  352.9  353.0  353.0
  192.0  12717  -50.5  -75.5      4   0.01    275     92  356.8  356.8  356.8
  175.0  13312  -54.6  -82.8      2   0.00    275    103  359.6  359.6  359.6
  161.0  13847  -58.3  -89.3      1   0.00    267     89  362.0  362.0  362.0
  150.0  14290  -60.9  -90.9      1   0.00    260     78  365.0  365.0  365.0
  137.0  14837  -65.1  -93.8      1   0.00    260     67  367.1  367.1  367.1
  115.0  15893  -73.3  -99.3      1   0.00    260     77  370.8  370.8  370.8
  105.0  16425  -73.5  -99.5      1   0.00    285     69  380.1  380.1  380.1
  101.0  16652  -74.3 -100.3      1   0.00    290     70  382.8  382.8  382.8
  100.0  16710  -74.5 -100.5      1   0.00    290     63  383.5  383.5  383.5
   99.7  16727  -74.5 -100.5      1   0.00    290     63  383.9  383.9  383.9
   99.6  16733  -74.5 -100.5      1   0.00    290     63  384.0  384.0  384.0
   86.7  17538  -75.3 -101.3      1   0.00    286     28  397.9  397.9  397.9
   84.0  17720  -76.0 -101.5      1   0.00    285     20  400.0  400.0  400.0
   81.6  17888  -76.7 -101.7      1   0.00    287     28  402.0  402.0  402.0
   79.0  18075  -75.0 -100.5      1   0.00    290     36  409.3  409.3  409.3
   78.0  18149  -74.3 -100.1      1   0.00    310     27  412.2  412.2  412.2
   77.2  18209  -73.7  -99.7      1   0.00    309     23  414.6  414.6  414.6
   75.0  18379  -71.8  -98.5      1   0.00    305     13  422.1  422.1  422.1
   74.0  18457  -70.9  -97.9      1   0.00    296     14  425.6  425.6  425.6
   72.3  18596  -68.3  -96.3      1   0.00    281     16  433.9  433.9  433.9
   70.0  18790  -67.5  -95.5      1   0.00    260     19  439.6  439.6  439.6
   69.0  18877  -66.6  -95.0      1   0.00    260     21  443.5  443.5  443.5
   67.9  18974  -65.5  -94.5      1   0.00    269     18  447.8  447.8  447.8
   64.0  19333  -65.8  -94.3      1   0.00    300      6  454.7  454.7  454.7
   60.9  19635  -66.1  -94.1      1   0.00    320      6  460.6  460.6  460.6
   55.8  20164  -66.9  -94.9      1   0.00    354      7  470.4  470.4  470.4
   54.0  20363  -64.3  -93.3      1   0.00      7      8  480.9  480.9  480.9
   52.8  20501  -61.9  -91.9      1   0.00     16      8  489.5  489.5  489.5
   51.0  20717  -60.5  -90.5      1   0.00     30      8  497.7  497.7  497.7
   50.0  20840  -59.7  -89.7      1   0.00     50     13  502.4  502.4  502.4
   49.0  20966  -59.8  -89.8      1   0.00     75     23  505.0  505.0  505.0
   47.0  21226  -60.1  -90.1      1   0.00     75     14  510.4  510.4  510.4
   42.0  21927  -60.8  -90.8      1   0.00    125     33  525.2  525.3  525.2
   41.5  22001  -60.9  -90.9      1   0.00    128     31  526.9  526.9  526.9
   40.2  22200  -58.3  -89.3      1   0.00    136     26  538.2  538.2  538.2
   38.0  22558  -57.0  -88.3      1   0.00    150     18  550.1  550.1  550.1
   36.0  22902  -55.8  -87.4      1   0.01    115     30  561.8  561.8  561.8
   32.4  23573  -53.5  -85.5      1   0.01    104     18  585.2  585.3  585.2
   31.0  23858  -52.4  -84.9      1   0.01    100     13  595.7  595.8  595.7
   30.0  24070  -51.5  -84.5      1   0.01     90     24  603.6  603.7  603.6
   21.0  26401  -48.3  -82.2      1   0.02    120      8  678.0  678.2  678.0
   20.0  26720  -47.9  -81.9      1   0.02     75     18  688.8  689.0  688.8
   19.4  26921  -45.9  -80.9      1   0.03     74     21  701.0  701.3  701.0
   18.0  27422  -43.8  -78.8      1   0.05     70     27  722.9  723.4  723.0
   17.6  27572  -43.1  -78.1      1   0.05     68     23  729.6  730.2  729.7
   17.0  27807  -42.5  -77.7      1   0.06     65     18  738.9  739.5  738.9
   15.0  28655  -40.2  -76.2      1   0.08     80     38  773.3  774.2  773.3
   14.9  28700  -40.1  -76.1      1   0.08     81     37  775.2  776.1  775.2
   13.3  29478  -37.9  -74.9      1   0.11     97     22  808.3  809.6  808.4
   13.0  29634  -39.2  -75.7      1   0.10    100     19  809.1  810.3  809.2
   12.7  29793  -40.5  -76.5      1   0.09     93     19  810.0  811.1  810.0
   11.0  30767  -41.9  -77.9      1   0.08     50     22  838.8  839.8  838.8
   10.8  30892  -42.1  -78.1      1   0.08     52     24  842.5  843.6  842.6
   10.1  31343  -43.5  -78.5      1   0.08     59     32  853.6  854.7  853.7
   10.0  31410  -43.5  -78.5      1   0.08     60     33  856.0  857.1  856.1
    9.0  32125  -40.6  -77.0      1   0.12     75     30  893.5  895.0  893.5
Station information and sounding indices
                         Station identifier: VECC
                             Station number: 42809
                           Observation time: 240502/1200
                           Station latitude: 22.65
                          Station longitude: 88.45
                          Station elevation: 6.0
                            Showalter index: 0.38
                               Lifted index: 7.09
    LIFT computed using virtual temperature: 6.59
                                SWEAT index: 211.60
                                    K index: 27.70
                         Cross totals index: 15.90
                      Vertical totals index: 29.90
                        Totals totals index: 45.80
      Convective Available Potential Energy: 0.00
             CAPE using virtual temperature: 0.00
                      Convective Inhibition: 0.00
             CINS using virtual temperature: 0.00
                     Bulk Richardson Number: 0.00
          Bulk Richardson Number using CAPV: 0.00
  Temp [K] of the Lifted Condensation Level: 270.01
Pres [hPa] of the Lifted Condensation Level: 580.90
   Equivalent potential temp [K] of the LCL: 332.28
     Mean mixed layer potential temperature: 315.35
              Mean mixed layer mixing ratio: 5.42
Precipitable water [mm] for entire sounding: 28.75
Description of the data columns or sounding indices.


 
Interested in graduate studies in atmospheric science? Check out our program at the University of Wyoming
Questions about the weather data provided by this site can be addressed to Larry Oolman (ldoolman@uwyo.edu)
