24959 UEEE Jakutsk Observations at 12Z 03 Jan 2024
-----------------------------------------------------------------------------
   PRES   HGHT   TEMP   DWPT   RELH   MIXR   DRCT   SKNT   THTA   THTE   THTV
    hPa     m      C      C      %    g/kg    deg   knot     K      K      K 
-----------------------------------------------------------------------------
 1005.0    101  -39.1  -42.5     70   0.09      0      0  233.7  234.0  233.7
 1000.0    136  -38.5  -41.9     70   0.10      0      0  234.7  234.9  234.7
  949.0    505  -31.6  -35.0     72   0.21    305     10  245.1  245.7  245.2
  925.0    686  -28.3  -31.6     73   0.30    305     12  250.4  251.2  250.4
  913.0    780  -26.2  -29.5     74   0.37    305     14  253.4  254.5  253.5
  902.0    867  -24.3  -27.6     74   0.44    302     13  256.3  257.6  256.4
  856.0   1247  -22.9  -25.9     76   0.54    291     12  261.6  263.2  261.7
  850.0   1298  -23.3  -26.3     76   0.53    290     12  261.7  263.3  261.8
  812.0   1631  -24.6  -27.6     76   0.49    290      8  263.8  265.3  263.9
  769.0   2028  -26.1  -29.1     76   0.45    239     10  266.3  267.7  266.4
  766.0   2056  -26.3  -29.3     75   0.44    235     10  266.4  267.8  266.5
  723.0   2472  -28.6  -32.5     69   0.35    250     14  268.3  269.4  268.4
  701.0   2694  -29.8  -34.2     66   0.30    240     12  269.3  270.2  269.4
  700.0   2704  -29.9  -34.3     65   0.30    240     12  269.4  270.3  269.4
  632.0   3428  -31.9  -37.9     55   0.23    248     13  275.1  275.8  275.1
  619.0   3573  -33.0  -39.2     54   0.21    250     14  275.4  276.1  275.5
  602.0   3767  -34.5  -40.9     52   0.18    235     10  275.9  276.5  276.0
  566.0   4197  -37.7  -44.7     48   0.13    239     15  277.0  277.5  277.1
  562.0   4246  -38.1  -45.1     48   0.12    240     16  277.2  277.6  277.2
  528.0   4671  -41.2  -48.2     47   0.09    225     14  278.4  278.7  278.4
  519.0   4789  -42.1  -49.1     46   0.08    237     15  278.7  279.0  278.7
  513.0   4867  -42.5  -49.2     48   0.08    245     16  279.1  279.4  279.1
  500.0   5040  -43.5  -49.5     51   0.08    250     14  279.9  280.2  280.0
  453.0   5690  -47.7  -53.7     50   0.06    255     12  282.7  282.9  282.8
  432.0   6003  -49.7  -55.7     49   0.05    235     10  284.1  284.2  284.1
  400.0   6510  -52.9  -58.9     48   0.03    240     14  286.2  286.3  286.2
  337.0   7598  -59.3  -65.3     46   0.02    233     19  291.8  291.9  291.8
  309.0   8137  -62.0  -68.0     44   0.01    230     21  295.4  295.4  295.4
  302.0   8279  -62.7  -68.7     44   0.01    234     20  296.3  296.3  296.3
  300.0   8320  -62.7  -68.7     44   0.01    235     19  296.9  296.9  296.9
  270.0   8975  -62.7  -68.7     44   0.01    235     16  305.9  306.0  305.9
  268.0   9021  -63.1  -69.1     44   0.01    235     16  306.1  306.1  306.1
  257.0   9280  -65.1  -71.1     43   0.01    245     14  306.7  306.8  306.7
  250.0   9450  -64.1  -70.1     44   0.01    250     12  310.6  310.7  310.6
  221.0  10207  -63.2  -69.2     44   0.02    265      8  323.1  323.2  323.1
  206.0  10639  -62.7  -68.7     44   0.02    250     16  330.5  330.6  330.5
  200.0  10820  -62.5  -68.5     44   0.02    260     16  333.6  333.7  333.6
  192.0  11072  -61.9  -67.8     45   0.02    265     14  338.6  338.7  338.6
  181.0  11437  -60.9  -66.9     45   0.03    264     15  345.9  346.0  345.9
  150.0  12600  -61.5  -67.5     45   0.03    260     17  363.9  364.1  363.9
  113.0  14353  -60.4  -67.1     41   0.04    255     21  396.7  396.9  396.7
  100.0  15110  -59.9  -66.9     40   0.05    255     29  411.7  412.0  411.7
   99.0  15174  -59.8  -66.8     39   0.05    255     29  413.2  413.5  413.2
   70.0  17370  -54.7  -63.7     32   0.10    255     41  467.0  467.7  467.0
   69.6  17407  -54.7  -63.7     32   0.10    255     41  467.8  468.4  467.8
   50.0  19580  -42.5  -54.5     26   0.47    255     64  542.9  546.1  543.0
   47.9  19870  -41.5  -54.5     23   0.49    253     68  551.9  555.4  552.1
   39.0  21313  -23.7  -48.7      8   1.18    246     87  630.3  639.6  630.7
   38.0  21501  -24.3  -50.3      7   1.01    245     89  633.4  641.5  633.8
   37.9  21521  -24.4  -50.5      7   0.99    245     89  633.7  641.6  634.1
   34.2  22264  -26.9  -56.9      4   0.51    241     88  646.0  650.3  646.2
   32.5  22634  -22.5  -54.5      4   0.72    238     87  667.2  673.4  667.5
   30.0  23220  -22.3  -54.3      4   0.80    235     85  683.2  690.2  683.5
   22.0  25500  -22.1  -54.1      4   1.11    235     87  747.0  757.8  747.5
Station information and sounding indices
                         Station identifier: UEEE
                             Station number: 24959
                           Observation time: 240103/1200
                           Station latitude: 62.01
                          Station longitude: 129.71
                          Station elevation: 101.0
                            Showalter index: 13.77
                               Lifted index: 31.89
    LIFT computed using virtual temperature: 31.90
                                SWEAT index: 36.91
                                    K index: -10.50
                         Cross totals index: 17.20
                      Vertical totals index: 20.20
                        Totals totals index: 37.40
      Convective Available Potential Energy: 0.00
             CAPE using virtual temperature: 0.00
                      Convective Inhibition: 0.00
             CINS using virtual temperature: 0.00
                     Bulk Richardson Number: 0.00
          Bulk Richardson Number using CAPV: 0.00
  Temp [K] of the Lifted Condensation Level: 234.68
Pres [hPa] of the Lifted Condensation Level: 915.81
   Equivalent potential temp [K] of the LCL: 241.08
     Mean mixed layer potential temperature: 240.71
              Mean mixed layer mixing ratio: 0.16
              1000 hPa to 500 hPa thickness: 4904.00
Precipitable water [mm] for entire sounding: 1.99
Description of the data columns or sounding indices.


 
Interested in graduate studies in atmospheric science? Check out our program at the University of Wyoming
Questions about the weather data provided by this site can be addressed to Larry Oolman (ldoolman@uwyo.edu)
