24959 UEEE Jakutsk Observations at 12Z 10 Jan 2024
-----------------------------------------------------------------------------
   PRES   HGHT   TEMP   DWPT   RELH   MIXR   DRCT   SKNT   THTA   THTE   THTV
    hPa     m      C      C      %    g/kg    deg   knot     K      K      K 
-----------------------------------------------------------------------------
 1001.0    101  -43.9  -47.7     66   0.05    355      2  229.2  229.3  229.2
 1000.0    110  -43.9  -47.8     65   0.05    355      2  229.2  229.4  229.3
  990.0    177  -45.1  -49.2     63   0.04     27      4  228.7  228.8  228.7
  980.0    247  -43.5  -47.5     64   0.05     60      6  231.0  231.2  231.0
  953.0    438  -38.9  -42.9     66   0.09    120     12  237.5  237.7  237.5
  925.0    642  -34.1  -37.9     68   0.16    155      8  244.4  244.9  244.5
  896.0    866  -29.4  -32.9     72   0.27    185      6  251.5  252.3  251.6
  881.0    985  -26.9  -30.2     74   0.36    238      5  255.3  256.4  255.4
  872.0   1059  -26.6  -29.9     74   0.37    270      4  256.4  257.4  256.4
  850.0   1242  -25.9  -29.2     74   0.40    275      6  259.0  260.2  259.1
  841.0   1319  -25.5  -28.8     74   0.42    280      7  260.2  261.5  260.3
  824.0   1468  -25.7  -29.0     74   0.42    290     10  261.5  262.8  261.6
  761.0   2046  -26.5  -29.8     74   0.43    295     14  266.7  268.0  266.7
  730.0   2347  -26.1  -33.1     52   0.32    297     15  270.3  271.3  270.4
  700.0   2651  -27.9  -38.9     34   0.19    300     17  271.6  272.2  271.6
  679.0   2869  -29.1  -43.1     25   0.13    300     19  272.6  273.0  272.6
  672.0   2944  -29.4  -44.2     23   0.11    300     19  273.1  273.4  273.1
  670.0   2965  -29.5  -44.5     22   0.11    299     19  273.2  273.6  273.2
  652.0   3159  -30.0  -46.2     19   0.09    290     17  274.8  275.1  274.8
  615.0   3574  -31.1  -49.9     14   0.06    305     25  278.2  278.4  278.2
  600.0   3750  -31.5  -51.5     12   0.06    303     26  279.6  279.8  279.6
  588.0   3893  -32.5  -53.5     11   0.04    301     26  280.1  280.2  280.1
  532.0   4592  -36.9  -43.9     48   0.15    291     27  282.9  283.4  283.0
  527.0   4657  -37.2  -44.1     49   0.15    290     27  283.3  283.8  283.3
  500.0   5020  -39.1  -45.1     53   0.14    295     23  285.3  285.8  285.3
  448.0   5761  -44.1  -48.7     60   0.10    300     27  288.1  288.5  288.1
  400.0   6510  -48.9  -53.9     56   0.06    305     31  291.4  291.6  291.4
  349.0   7389  -54.3  -59.8     51   0.03    300     37  295.7  295.8  295.7
  307.0   8215  -59.3  -65.3     46   0.02    300     31  299.7  299.8  299.7
  302.0   8318  -59.3  -65.3     46   0.02    305     29  301.1  301.2  301.1
  300.0   8360  -59.3  -65.3     46   0.02    300     29  301.6  301.7  301.6
  250.0   9510  -56.5  -62.5     47   0.03    290     17  321.9  322.1  321.9
  245.0   9639  -55.9  -62.0     46   0.04    290     17  324.7  324.9  324.7
  216.0  10444  -52.1  -59.1     43   0.06    300     19  342.5  342.8  342.5
  215.0  10474  -52.1  -59.1     43   0.06    300     19  342.9  343.2  342.9
  200.0  10940  -52.7  -59.7     42   0.06    285     16  349.1  349.4  349.2
  185.0  11442  -52.7  -60.7     37   0.06    304     14  357.0  357.3  357.0
  184.0  11478  -52.5  -60.5     37   0.06    305     14  357.9  358.2  357.9
  168.0  12069  -49.1  -58.1     34   0.09    301     14  373.0  373.4  373.0
  150.0  12810  -49.5  -59.5     30   0.08    295     16  384.6  385.0  384.6
  108.0  14957  -49.2  -64.2     16   0.06    270     21  423.0  423.4  423.1
  101.0  15395  -49.1  -65.1     14   0.06    270     21  431.3  431.7  431.4
  100.0  15460  -49.1  -65.1     14   0.06    270     21  432.6  432.9  432.6
   93.0  15936  -49.3  -66.2     12   0.06    265     21  441.1  441.5  441.2
   70.0  17800  -50.3  -70.3      8   0.04    245     17  476.4  476.7  476.4
   61.0  18696  -50.8  -71.2      7   0.04    230     33  494.4  494.7  494.4
   54.0  19489  -51.2  -72.0      7   0.04    245     33  510.9  511.3  511.0
   50.0  19990  -51.5  -72.5      6   0.04    230     29  521.7  522.0  521.7
   47.0  20392  -51.4  -72.8      6   0.04    220     25  531.1  531.5  531.1
   41.0  21280  -51.3  -73.3      6   0.05    210     31  552.6  553.0  552.6
   35.0  22309  -51.1  -74.0      5   0.05    225     35  578.6  579.0  578.6
   33.9  22517  -51.1  -74.1      5   0.05    222     34  584.0  584.4  584.0
   30.0  23310  -52.3  -75.3      5   0.05    210     29  601.5  601.9  601.5
   27.3  23919  -53.9  -77.9      4   0.03    203     39  613.4  613.7  613.4
   26.0  24235  -53.6  -77.8      4   0.04    200     45  622.8  623.2  622.8
   20.0  25930  -52.1  -77.1      3   0.05    200     54  675.9  676.5  676.0
   19.0  26262  -52.4  -77.3      3   0.05    205     47  685.2  685.7  685.2
Station information and sounding indices
                         Station identifier: UEEE
                             Station number: 24959
                           Observation time: 240110/1200
                           Station latitude: 62.01
                          Station longitude: 129.71
                          Station elevation: 101.0
                            Showalter index: 20.68
                               Lifted index: 41.37
    LIFT computed using virtual temperature: 41.39
                                SWEAT index: 34.97
                                    K index: -27.00
                         Cross totals index: 9.90
                      Vertical totals index: 13.20
                        Totals totals index: 23.10
      Convective Available Potential Energy: 0.00
             CAPE using virtual temperature: 0.00
                      Convective Inhibition: 0.00
             CINS using virtual temperature: 0.00
                     Bulk Richardson Number: 0.00
          Bulk Richardson Number using CAPV: 0.00
  Temp [K] of the Lifted Condensation Level: 227.74
Pres [hPa] of the Lifted Condensation Level: 900.42
   Equivalent potential temp [K] of the LCL: 234.88
     Mean mixed layer potential temperature: 234.71
              Mean mixed layer mixing ratio: 0.08
              1000 hPa to 500 hPa thickness: 4910.00
Precipitable water [mm] for entire sounding: 1.38
Description of the data columns or sounding indices.


 
Interested in graduate studies in atmospheric science? Check out our program at the University of Wyoming
Questions about the weather data provided by this site can be addressed to Larry Oolman (ldoolman@uwyo.edu)
