82532 Manicore Observations at 12Z 15 Mar 2024
-----------------------------------------------------------------------------
   PRES   HGHT   TEMP   DWPT   RELH   MIXR   DRCT   SKNT   THTA   THTE   THTV
    hPa     m      C      C      %    g/kg    deg   knot     K      K      K 
-----------------------------------------------------------------------------
 1004.0     48   25.6   25.6    100  21.12     90      2  298.4  360.2  302.2
 1000.0     93   25.6   25.1     97  20.56     90      2  298.8  359.0  302.4
  974.0    326   26.6   23.4     83  19.02     70      6  302.0  358.4  305.4
  925.0    782   24.2   21.3     84  17.58     30     13  304.1  356.6  307.2
  911.1    914   23.3   20.6     85  17.12     25     14  304.5  355.8  307.6
  850.0   1519   19.4   17.6     89  15.13     65     12  306.4  352.2  309.2
  849.5   1524   19.4   17.6     89  15.12     65     13  306.5  352.1  309.2
  798.0   2062   16.2   14.8     91  13.44     78     13  308.6  349.6  311.1
  791.2   2134   16.0   13.9     88  12.81     80     13  309.1  348.3  311.5
  763.4   2438   15.0   10.3     74  10.44     90     13  311.3  343.6  313.2
  740.0   2703   14.2    7.2     63   8.68     94     14  313.2  340.4  314.8
  736.5   2743   14.0    7.0     63   8.63     95     14  313.3  340.4  315.0
  710.3   3048   12.1    5.9     66   8.25     70     19  314.6  340.7  316.1
  700.0   3171   11.4    5.4     67   8.10     70     20  315.1  340.8  316.6
  679.0   3425    9.4    4.4     71   7.78     70     20  315.6  340.3  317.1
  668.0   3561    8.2    6.8     91   9.37     70     20  315.7  345.3  317.5
  620.0   4176    6.0   -2.0     56   5.36     70     21  320.0  337.6  321.0
  613.1   4267    5.5   -0.8     64   5.90     70     21  320.4  339.7  321.5
  600.0   4444    4.4    1.4     81   7.11     73     23  321.2  344.3  322.5
  590.6   4572    3.6    0.8     82   6.92     75     25  321.7  344.3  323.0
  560.0   5004    0.8   -1.2     86   6.30     85     22  323.3  344.1  324.5
  543.0   5252    0.2  -11.8     40   2.87     90     21  325.4  335.4  326.0
  539.0   5311   -0.1   -3.5     78   5.51     91     21  325.8  344.3  326.9
  535.0   5371   -0.1   -9.1     51   3.61     93     20  326.5  338.9  327.2
  509.0   5768   -2.7   -6.5     75   4.65    102     18  328.0  343.8  328.9
  500.0   5910   -3.3   -7.8     71   4.28    105     17  328.9  343.6  329.8
  488.2   6096   -4.2   -9.7     65   3.77    105     16  330.1  343.2  330.9
  469.6   6401   -5.7  -12.9     57   3.04    115     14  332.0  342.7  332.6
  451.6   6706   -7.1  -16.0     49   2.44     90     13  333.9  342.6  334.4
  440.0   6909   -8.1  -18.1     44   2.10     87     11  335.1  342.8  335.6
  400.0   7640  -13.1  -22.1     47   1.64     75      4  337.9  344.0  338.2
  397.0   7697  -13.7  -19.7     61   2.03     75      4  337.8  345.3  338.2
  369.9   8230  -17.2  -23.9     56   1.51     80      4  340.0  345.7  340.3
  355.0   8539  -19.3  -26.3     54   1.27     66      4  341.3  346.1  341.5
  343.0   8794  -20.7  -41.7     13   0.29     55      4  342.7  343.9  342.8
  336.0   8946  -21.7  -38.7     20   0.40     48      4  343.4  345.0  343.5
  329.0   9101  -23.1  -34.1     36   0.65     41      3  343.5  346.1  343.7
  316.0   9395  -25.3  -46.3     12   0.19     27      3  344.5  345.3  344.5
  312.0   9488  -26.3  -36.3     38   0.55     23      3  344.3  346.6  344.4
  300.0   9770  -28.7  -34.7     56   0.67     10      3  344.8  347.5  344.9
  299.0   9794  -28.9  -34.9     56   0.66     12      3  344.9  347.5  345.0
  290.0  10012  -30.3  -34.1     69   0.74     31      1  345.9  348.9  346.1
  288.1  10058  -30.7  -35.1     65   0.68     35      1  346.0  348.7  346.1
  280.0  10260  -32.3  -39.3     50   0.45     50      2  346.5  348.4  346.6
  278.0  10311  -32.7  -36.9     66   0.58     54      2  346.6  349.0  346.8
  272.0  10464  -33.5  -40.5     49   0.41     65      3  347.6  349.4  347.7
  260.0  10779  -36.1  -40.4     64   0.44     89      5  348.3  350.1  348.4
  253.0  10968  -37.5  -46.5     39   0.23    104      6  349.0  350.0  349.0
  250.0  11050  -38.1  -43.1     59   0.34    110      6  349.3  350.7  349.4
  244.0  11217  -39.3  -42.6     71   0.37    110      7  349.9  351.5  350.0
  231.2  11582  -42.0  -47.7     54   0.22    110     10  351.3  352.3  351.4
  215.0  12072  -45.5  -54.5     36   0.11    105      8  353.2  353.7  353.2
  200.0  12550  -49.7  -58.7     34   0.07    100      6  353.9  354.2  353.9
  158.0  14051  -62.5  -68.5     44   0.02    104     13  356.9  357.0  356.9
  150.0  14370  -65.1  -69.6     54   0.02    105     14  357.7  357.9  357.8
  143.7  14630  -66.7  -72.6     44   0.01    105     13  359.3  359.4  359.3
  143.0  14660  -66.9  -72.9     42   0.01    106     13  359.5  359.6  359.5
  136.5  14935  -69.0  -74.3     46   0.01    120     17  360.7  360.8  360.7
  129.6  15240  -71.2  -75.8     50   0.01    110     12  362.0  362.0  362.0
  123.1  15545  -73.5  -77.4     55   0.01    235      1  363.2  363.3  363.2
  114.0  15997  -76.9  -79.7     64   0.01    209      8  365.0  365.0  365.0
  110.9  16154  -78.0  -81.1     61   0.01    200     11  365.7  365.8  365.7
  101.0  16684  -81.9  -86.0     50   0.00    182     17  368.2  368.2  368.2
  100.0  16740  -82.1  -86.4     48   0.00    180     18  368.9  368.9  368.9
   94.2  17069  -84.1  -88.0     50   0.00    180     18  371.3  371.4  371.3
   84.3  17678  -87.8  -91.1     54   0.00    140     32  375.9  375.9  375.9
   83.4  17735  -88.1  -91.4     55   0.00    100     35  376.3  376.3  376.3
   79.7  17983  -87.2  -90.5     55   0.00    100     37  383.1  383.1  383.1
   74.5  18348  -85.9  -89.2     56   0.00     84     26  393.2  393.3  393.2
   70.0  18690  -83.3  -88.3     42   0.00     70     16  405.9  405.9  405.9
   67.4  18898  -83.1  -88.9     37   0.00     70     15  410.6  410.6  410.6
   63.8  19202  -82.9  -89.8     30   0.00     85     11  417.5  417.5  417.5
   63.6  19223  -82.9  -89.9     30   0.00     86     11  418.0  418.0  418.0
   61.9  19375  -80.1  -91.1     15   0.00     97     14  427.5  427.5  427.5
   60.5  19507  -71.6  -86.9      9   0.00    105     16  449.2  449.2  449.2
   60.3  19527  -70.3  -86.3      8   0.00    103     17  452.5  452.6  452.5
   59.7  19587  -69.7  -86.7      7   0.00     99     21  455.2  455.2  455.2
   57.5  19812  -70.7  -87.3      7   0.00     80     36  457.9  457.9  457.9
   51.8  20422  -73.5  -88.8      8   0.00     90     28  465.1  465.1  465.1
   50.3  20595  -74.3  -89.3      8   0.00    110     35  467.2  467.2  467.2
   50.0  20630  -74.3  -90.3      7   0.00    110     35  468.0  468.0  468.0
   49.2  20726  -73.9  -90.2      7   0.00    115     32  471.0  471.0  471.0
   44.4  21336  -71.6  -89.9      5   0.00     85     32  490.6  490.6  490.6
   42.2  21641  -70.5  -89.8      4   0.00    115     30  500.6  500.6  500.6
   38.1  22250  -68.2  -89.5      3   0.00     90     43  521.2  521.2  521.2
   32.8  23165  -64.7  -89.0      2   0.00     85     57  553.7  553.7  553.7
   30.0  23690  -62.7  -88.7      2   0.01     90     39  573.1  573.2  573.1
   28.1  24079  -63.7  -89.2      2   0.00     85     38  580.9  580.9  580.9
   26.4  24473  -64.7  -89.7      2   0.00     91     50  588.8  588.9  588.8
   25.5  24689  -64.0  -89.6      2   0.01     95     56  596.7  596.8  596.7
   24.8  24856  -63.5  -89.5      2   0.01     94     57  602.9  602.9  602.9
   22.9  25354  -55.1  -86.1      1   0.01     93     59  641.5  641.6  641.5
   21.1  25878  -54.3  -85.3      1   0.01     91     61  659.1  659.2  659.1
   20.0  26220  -54.7  -84.7      1   0.02     90     63  668.0  668.1  668.0
   19.4  26415  -54.9  -84.9      1   0.02     92     68  673.2  673.4  673.2
   18.6  26687  -53.8  -84.6      1   0.02     95     74  684.7  684.8  684.7
   17.4  27127  -52.1  -84.0      1   0.02     95     74  703.5  703.7  703.5
Station information and sounding indices
                             Station number: 82532
                           Observation time: 240315/1200
                           Station latitude: -5.82
                          Station longitude: -61.28
                          Station elevation: 48.0
                            Showalter index: -0.99
                               Lifted index: -3.04
    LIFT computed using virtual temperature: -3.59
                                SWEAT index: 252.21
                                    K index: 34.30
                         Cross totals index: 20.90
                      Vertical totals index: 22.70
                        Totals totals index: 43.60
      Convective Available Potential Energy: 1288.70
             CAPE using virtual temperature: 1467.59
                      Convective Inhibition: -34.09
             CINS using virtual temperature: -26.75
                           Equilibrum Level: 148.31
 Equilibrum Level using virtual temperature: 148.28
                   Level of Free Convection: 855.02
             LFCT using virtual temperature: 867.55
                     Bulk Richardson Number: 99.60
          Bulk Richardson Number using CAPV: 113.43
  Temp [K] of the Lifted Condensation Level: 296.32
Pres [hPa] of the Lifted Condensation Level: 944.62
   Equivalent potential temp [K] of the LCL: 358.35
     Mean mixed layer potential temperature: 301.20
              Mean mixed layer mixing ratio: 19.36
              1000 hPa to 500 hPa thickness: 5817.00
Precipitable water [mm] for entire sounding: 62.27
Description of the data columns or sounding indices.


 
Interested in graduate studies in atmospheric science? Check out our program at the University of Wyoming
Questions about the weather data provided by this site can be addressed to Larry Oolman (ldoolman@uwyo.edu)
