42809 VECC Calcutta Observations at 12Z 28 May 2024
-----------------------------------------------------------------------------
   PRES   HGHT   TEMP   DWPT   RELH   MIXR   DRCT   SKNT   THTA   THTE   THTV
    hPa     m      C      C      %    g/kg    deg   knot     K      K      K 
-----------------------------------------------------------------------------
  995.0      6   33.0   29.3     81  26.70    135      4  306.6  388.2  311.4
  994.0     15   34.4   28.4     71  25.31    345     16  308.1  385.8  312.7
  990.0     52   34.2   28.4     72  25.45    240     20  308.2  386.5  312.9
  973.0    208   33.4   28.5     76  26.04    224     16  309.0  389.3  313.7
  944.0    480   30.5   28.3     88  26.55    195      9  308.7  390.6  313.6
  929.0    624   29.0   28.2     95  26.83    191     17  308.6  391.3  313.5
  925.0    662   29.0   28.4     97  27.28    190     19  309.0  393.3  313.9
  905.0    857   26.8   24.2     86  21.50    185     26  308.6  374.3  312.5
  895.0    956   25.6   22.0     81  19.00    196     25  308.4  366.3  311.9
  892.0    986   25.0   18.0     65  14.78    199     24  308.1  353.0  310.8
  888.0   1025   24.6   16.6     61  13.56    203     24  308.0  349.3  310.5
  874.0   1166   28.2   15.2     45  12.58    218     22  313.2  352.4  315.5
  868.0   1227   28.8   15.8     45  13.18    225     21  314.4  355.6  316.9
  854.0   1372   29.0   16.0     45  13.57    241     19  316.1  358.8  318.7
  850.0   1414   29.0   16.0     45  13.64    245     18  316.5  359.5  319.1
  700.0   3105   15.4    4.4     48   7.55    280     24  319.5  343.9  321.0
  696.0   3153   14.2    4.2     51   7.48    280     24  318.7  342.8  320.1
  645.0   3788    8.2    1.2     61   6.51    282     23  318.9  340.0  320.2
  616.0   4167    6.4   -5.6     42   4.11    282     23  321.1  334.8  321.9
  614.0   4193    7.0  -10.0     29   2.93    282     23  322.0  332.0  322.6
  612.0   4220    7.8  -19.2     13   1.38    283     23  323.3  328.2  323.5
  552.0   5059    2.0  -29.0      8   0.63    284     22  326.1  328.5  326.2
  537.0   5280    0.6  -26.5     11   0.82    285     22  326.9  330.0  327.1
  533.0   5340    0.2  -25.8     12   0.88    284     22  327.2  330.5  327.4
  520.0   5537    0.6  -30.4      8   0.59    280     24  330.0  332.3  330.1
  507.0   5739   -0.1  -40.1      3   0.23    277     25  331.5  332.5  331.6
  500.0   5850   -0.9  -39.9      3   0.24    275     26  331.9  332.9  331.9
  487.0   6059   -1.5  -40.5      3   0.23    273     28  333.6  334.6  333.7
  482.0   6141   -1.3  -41.3      3   0.21    273     29  334.9  335.8  334.9
  472.0   6307   -1.5  -42.5      3   0.19    272     31  336.6  337.4  336.7
  459.0   6527   -3.0  -43.1      3   0.19    270     34  337.5  338.2  337.5
  443.0   6807   -4.9  -43.9      3   0.18    270     32  338.5  339.2  338.5
  430.0   7039   -6.3  -44.3      3   0.17    270     31  339.6  340.4  339.6
  422.0   7185   -6.9  -44.9      3   0.17    270     30  340.7  341.4  340.7
  414.0   7334   -7.3  -46.3      3   0.15    270     29  342.0  342.7  342.1
  404.0   7523   -8.3  -46.3      3   0.15    270     28  343.1  343.8  343.2
  400.0   7600   -8.7  -45.7      3   0.16    270     28  343.6  344.3  343.6
  324.0   9202  -20.3  -50.3      5   0.12    281     13  348.9  349.4  348.9
  306.0   9625  -23.3  -53.3      5   0.09    284      9  350.4  350.8  350.5
  300.0   9770  -24.1  -53.1      5   0.09    285      8  351.3  351.7  351.3
  292.0   9967  -25.9  -52.2      7   0.10    265      7  351.5  352.0  351.5
  291.0   9992  -26.1  -52.1      7   0.11    266      7  351.5  352.0  351.6
  269.0  10555  -31.3  -46.3     21   0.22    289      9  351.9  352.9  352.0
  263.0  10714  -33.1  -43.1     36   0.32    295      9  351.6  353.0  351.6
  252.0  11014  -34.3  -41.3     49   0.41    308     10  354.1  355.9  354.2
  250.0  11070  -34.5  -40.5     54   0.45    310     10  354.6  356.5  354.7
  233.0  11560  -35.7  -41.7     54   0.42    275      9  360.0  361.9  360.1
  200.0  12600  -44.7  -53.7     36   0.13    200      8  361.8  362.4  361.9
  167.0  13781  -54.7  -67.7     19   0.03    117      4  364.3  364.4  364.3
  156.0  14212  -58.4  -72.0     16   0.01     85      2  365.2  365.3  365.2
  150.0  14460  -60.5  -74.5     14   0.01     60      5  365.6  365.7  365.6
  130.0  15333  -68.3  -82.3     12   0.00     47     14  366.9  367.0  366.9
  121.0  15755  -70.6  -84.6     11   0.00     40     19  370.4  370.4  370.4
  105.0  16589  -75.1  -89.1     10   0.00    115     11  377.1  377.1  377.1
  100.0  16870  -77.3  -91.3      9   0.00    130     10  378.1  378.1  378.1
   97.0  17044  -79.1  -93.1      9   0.00    115      6  377.9  377.9  377.9
   96.7  17061  -79.3  -93.3      9   0.00    110      8  377.9  377.9  377.9
   94.0  17222  -79.2  -93.7      8   0.00    100     22  381.1  381.1  381.1
   91.3  17388  -79.1  -94.1      7   0.00     99     25  384.5  384.5  384.5
   87.5  17629  -79.5  -93.5      9   0.00     98     30  388.4  388.4  388.4
   85.0  17793  -80.3  -94.3      8   0.00     98     33  390.0  390.0  390.0
   81.7  18017  -80.7  -95.7      7   0.00     97     37  393.6  393.6  393.6
   78.8  18220  -81.1  -96.1      7   0.00     96     41  396.9  396.9  396.9
   75.2  18483  -80.7  -95.7      7   0.00     95     46  403.1  403.1  403.1
   75.0  18498  -80.6  -95.6      7   0.00     95     46  403.6  403.6  403.6
   70.0  18890  -77.9  -93.9      6   0.00     90     38  417.4  417.4  417.4
   68.8  18990  -78.1  -94.1      6   0.00     94     37  419.1  419.1  419.1
   66.1  19220  -77.9  -93.9      6   0.00    102     33  424.3  424.3  424.3
   65.0  19316  -78.7  -94.7      6   0.00    105     32  424.6  424.6  424.6
   64.7  19343  -78.9  -94.9      6   0.00    105     32  424.7  424.7  424.7
   54.0  20413  -69.5  -89.9      4   0.00     90     41  468.9  468.9  468.9
   50.6  20797  -66.1  -88.1      3   0.00    141     22  485.6  485.7  485.6
   50.0  20870  -66.9  -88.9      3   0.00    150     19  485.4  485.4  485.4
   49.5  20931  -66.9  -88.9      3   0.00    146     18  486.8  486.8  486.8
   48.3  21079  -67.1  -93.1      1   0.00    137     14  489.8  489.8  489.8
   48.0  21117  -67.0  -93.3      1   0.00    135     13  490.9  490.9  490.9
   46.1  21361  -66.3  -94.3      1   0.00    120     14  498.3  498.3  498.3
   43.9  21658  -65.3  -94.3      1   0.00    101     16  507.7  507.7  507.7
   42.1  21913  -64.5  -93.5      1   0.00     85     17  515.8  515.8  515.8
   41.0  22076  -63.4  -92.8      1   0.00     75     18  522.5  522.5  522.5
   39.2  22352  -61.5  -91.5      1   0.00     71     35  534.0  534.0  534.0
   39.0  22384  -61.4  -91.4      1   0.00     70     37  535.1  535.1  535.1
   37.7  22595  -60.5  -90.5      1   0.00     73     37  542.5  542.6  542.5
   37.0  22711  -60.9  -90.9      1   0.00     74     37  544.4  544.4  544.4
   36.2  22847  -61.3  -91.3      1   0.00     76     37  546.8  546.8  546.8
   34.2  23202  -58.9  -89.9      1   0.00     80     37  562.0  562.1  562.0
   32.6  23503  -57.5  -88.5      1   0.00     84     37  573.5  573.6  573.5
   31.4  23741  -57.1  -88.1      1   0.01     87     37  580.8  580.8  580.8
   30.0  24030  -55.9  -86.9      1   0.01     90     37  591.6  591.7  591.7
   29.2  24202  -55.9  -86.9      1   0.01     89     36  596.2  596.3  596.2
   28.2  24425  -55.9  -86.9      1   0.01     88     35  602.2  602.3  602.2
   25.9  24973  -51.3  -84.3      1   0.01     86     31  630.1  630.2  630.1
   20.8  26412  -47.9  -81.9      1   0.02     81     23  681.1  681.4  681.1
   20.0  26670  -49.3  -82.3      1   0.02     80     21  684.5  684.7  684.5
   19.1  26970  -49.9  -82.9      1   0.02     75     24  691.7  691.9  691.7
   18.7  27107  -50.7  -83.7      1   0.02     72     25  693.4  693.6  693.4
   16.2  28034  -51.7  -84.7      1   0.02     56     35  719.2  719.4  719.2
   15.1  28487  -51.9  -84.9      1   0.02     48     39  733.1  733.3  733.1
   14.3  28840  -49.1  -83.1      1   0.03     42     43  754.0  754.4  754.0
   14.0  28979  -48.0  -82.0      1   0.03     40     44  762.3  762.7  762.4
   13.6  29169  -46.5  -80.5      1   0.05     62     39  773.8  774.3  773.8
   13.0  29468  -45.9  -80.9      1   0.04     95     30  785.9  786.4  785.9
   12.8  29570  -46.5  -80.5      1   0.05     96     30  787.3  787.9  787.4
   12.5  29726  -47.3  -81.3      1   0.04     96     30  789.9  790.4  789.9
   10.1  31161  -36.5  -74.5      1   0.16    105     31  879.6  881.6  879.7
   10.0  31230  -36.5  -74.5      1   0.16    105     31  882.1  884.1  882.2
    9.9  31300  -36.5  -74.5      1   0.16    103     30  884.7  886.7  884.8
    9.2  31810  -34.1  -72.1      1   0.24     89     26  912.6  915.8  912.7
    9.0  31964  -34.9  -72.9      1   0.22     85     25  915.3  918.2  915.4
Station information and sounding indices
                         Station identifier: VECC
                             Station number: 42809
                           Observation time: 240528/1200
                           Station latitude: 22.65
                          Station longitude: 88.45
                          Station elevation: 6.0
                            Showalter index: -1.00
                               Lifted index: -8.61
    LIFT computed using virtual temperature: -10.82
                                SWEAT index: 341.50
                                    K index: 34.90
                         Cross totals index: 16.90
                      Vertical totals index: 29.90
                        Totals totals index: 46.80
      Convective Available Potential Energy: 6117.68
             CAPE using virtual temperature: 6709.17
                      Convective Inhibition: -0.55
             CINS using virtual temperature: -0.72
                           Equilibrum Level: 86.87
 Equilibrum Level using virtual temperature: 86.89
                   Level of Free Convection: 910.45
             LFCT using virtual temperature: 910.69
                     Bulk Richardson Number: 395.36
          Bulk Richardson Number using CAPV: 433.58
  Temp [K] of the Lifted Condensation Level: 300.52
Pres [hPa] of the Lifted Condensation Level: 910.69
   Equivalent potential temp [K] of the LCL: 388.87
     Mean mixed layer potential temperature: 308.68
              Mean mixed layer mixing ratio: 26.06
Precipitable water [mm] for entire sounding: 55.39
Description of the data columns or sounding indices.


 
Interested in graduate studies in atmospheric science? Check out our program at the University of Wyoming
Questions about the weather data provided by this site can be addressed to Larry Oolman (ldoolman@uwyo.edu)
