40437 OERK King Khaled Intl Arpt Observations at 12Z 12 Jul 2024
-----------------------------------------------------------------------------
   PRES   HGHT   TEMP   DWPT   RELH   MIXR   DRCT   SKNT   THTA   THTE   THTV
    hPa     m      C      C      %    g/kg    deg   knot     K      K      K 
-----------------------------------------------------------------------------                                                       
  932.0    614   46.8   -2.2      5   3.51    330      9  326.4  338.6  327.1
  927.0    665   44.2    2.2      8   4.86    342     10  324.3  340.7  325.2
  926.0    675   44.2    2.2      8   4.87    345     10  324.4  340.8  325.4
  925.0    685   44.2    2.2      8   4.87    340     11  324.5  340.9  325.4
  880.0   1144   39.6    1.1      9   4.74    325     15  324.4  340.4  325.3
  850.0   1463   36.4    0.4     10   4.66    335     16  324.3  340.0  325.2
  824.0   1738   33.7   -0.1     12   4.65    335     18  324.3  340.0  325.2
  787.0   2144   29.7   -0.7     14   4.64    325     21  324.3  340.0  325.2
  767.0   2372   27.5   -1.1     15   4.63    310     14  324.3  339.9  325.2
  732.0   2785   23.5   -1.8     19   4.62    330     12  324.3  339.8  325.2
  702.0   3155   19.9   -2.4     22   4.60    325     15  324.2  339.7  325.1
  700.0   3180   19.6   -2.4     22   4.60    325     15  324.2  339.6  325.1
  688.0   3328   18.2   -2.1     25   4.81    350     15  324.2  340.4  325.2
  686.0   3353   18.0   -2.0     26   4.84    348     15  324.2  340.5  325.2
  672.0   3524   16.3   -2.3     28   4.82    330     12  324.3  340.5  325.2
  653.0   3763   14.0   -2.8     31   4.80    325     14  324.4  340.5  325.3
  639.0   3943   12.3   -3.1     34   4.78    345     11  324.4  340.4  325.3
  616.0   4247    9.3   -3.7     40   4.74    320     11  324.4  340.4  325.4
  598.0   4493    6.9   -4.2     45   4.72    330     10  324.4  340.3  325.3
  582.0   4719    4.8   -4.6     51   4.69    295     11  324.4  340.2  325.3
  574.0   4834    3.6   -4.8     54   4.68    335     10  324.4  340.1  325.3
  568.0   4921    2.8   -5.0     56   4.67    335     12  324.4  340.0  325.3
  563.0   4994    2.1   -5.1     59   4.66    310     11  324.3  340.0  325.2
  561.0   5024    1.8   -5.2     60   4.66    311     11  324.3  340.0  325.2
  548.0   5212    0.1   -5.7     65   4.60    320     10  324.5  340.0  325.4
  533.0   5434   -1.9   -6.2     72   4.54    353     15  324.7  340.0  325.6
  532.0   5449   -2.0   -6.6     71   4.41    355     15  324.8  339.6  325.6
  519.0   5645   -3.0  -12.0     50   2.95    345     14  325.8  335.9  326.4
  516.0   5691   -3.3  -13.3     46   2.67    335     14  326.0  335.3  326.5
  509.0   5799   -3.5  -18.2     31   1.80    310     13  327.1  333.5  327.4
  500.0   5940   -3.7  -24.7     18   1.04    305     15  328.5  332.3  328.7
  499.0   5956   -3.6  -24.6     18   1.05    305     15  328.7  332.6  328.9
  497.0   5988   -3.5  -24.5     18   1.06    308     15  329.3  333.2  329.5
  487.0   6147   -4.4  -26.5     16   0.91    325     14  330.1  333.5  330.3
  458.0   6629   -7.0  -32.5     11   0.55    330     13  332.7  334.8  332.8
  438.0   6979   -8.9  -36.9      8   0.37    348     11  334.5  336.0  334.6
  431.0   7103   -9.4  -31.8     14   0.62    355     10  335.4  337.9  335.6
  423.0   7248  -10.0  -25.8     26   1.11     30     10  336.5  340.7  336.7
  409.0   7509  -11.1  -15.1     72   2.91     89      6  338.3  348.9  338.9
  402.0   7642  -11.6  -16.0     69   2.74    120      4  339.4  349.4  339.9
  400.0   7680  -11.7  -16.3     69   2.69    130      4  339.7  349.5  340.2
  390.0   7873  -13.3  -15.8     81   2.88    120      5  340.1  350.6  340.7
  362.0   8436  -15.9  -23.9     50   1.54     91      9  343.9  349.8  344.2
  339.0   8921  -19.3  -31.2     34   0.84     65     12  345.8  349.2  346.0
  322.0   9301  -21.9  -36.9     25   0.51     95     18  347.3  349.4  347.4
  311.0   9558  -23.7  -40.7     19   0.35    102     16  348.3  349.8  348.3
  308.0   9629  -23.7  -45.7     11   0.21    104     15  349.2  350.1  349.3
  300.0   9820  -25.1  -45.1     14   0.23    110     13  349.9  350.9  349.9
  293.0   9988  -26.6  -45.1     16   0.23    125     14  350.1  351.2  350.2
  256.0  10951  -35.1  -45.3     35   0.26    110     21  351.4  352.5  351.5
  251.0  11092  -36.3  -45.3     39   0.27    114     24  351.6  352.7  351.6
  250.0  11120  -36.5  -45.5     39   0.26    115     24  351.7  352.8  351.7
  233.0  11604  -39.3  -49.3     34   0.18    119     36  354.6  355.4  354.6
  231.0  11663  -39.4  -53.4     21   0.11    120     38  355.2  355.8  355.3
  230.0  11692  -39.5  -55.5     17   0.09    119     38  355.6  356.0  355.6
  216.0  12117  -42.8  -57.9     17   0.07    105     36  356.9  357.2  356.9
  214.0  12180  -43.3  -58.3     18   0.07    106     36  357.1  357.4  357.1
  200.0  12630  -47.5  -57.5     31   0.08    115     35  357.4  357.8  357.4
  198.0  12696  -48.1  -57.6     33   0.08    115     35  357.4  357.8  357.4
  189.0  13001  -51.1  -58.1     43   0.08    121     41  357.4  357.8  357.4
  184.0  13172  -52.3  -58.9     45   0.07    125     44  358.2  358.5  358.2
  165.0  13864  -57.3  -62.1     54   0.05    115     56  361.1  361.4  361.1
  150.0  14470  -61.7  -65.0     65   0.04    105     55  363.6  363.8  363.6
  141.0  14849  -64.9  -67.2     73   0.03    104     56  364.5  364.6  364.5
  116.0  16010  -74.5  -78.6     53   0.01    102     60  367.6  367.6  367.6
  100.0  16860  -79.7  -84.7     44   0.00    100     63  373.5  373.5  373.5
   93.7  17226  -81.9  -86.5     46   0.00    105     64  376.2  376.2  376.2
   86.0  17706  -82.1  -87.1     43   0.00     90     66  385.1  385.1  385.1
   85.6  17732  -82.1  -87.1     43   0.00     90     66  385.6  385.6  385.6
   85.5  17738  -82.1  -87.1     43   0.00     90     66  385.7  385.8  385.7
   74.0  18566  -73.5  -87.7     10   0.00    100     61  420.1  420.1  420.1
   73.0  18644  -72.7  -87.7      9   0.00    105     55  423.4  423.4  423.4
   70.0  18890  -72.5  -89.5      6   0.00    120     38  428.9  429.0  428.9
   65.0  19328  -70.6  -89.5      5   0.00    125     50  442.4  442.4  442.4
   62.4  19570  -69.5  -89.5      4   0.00    134     39  449.9  449.9  449.9
   62.0  19608  -69.7  -89.5      4   0.00    135     37  450.3  450.3  450.3
   60.0  19802  -70.6  -89.8      4   0.00    125     25  452.5  452.5  452.5
   59.4  19862  -70.9  -89.9      5   0.00    116     23  453.1  453.2  453.1
   58.0  20004  -69.1  -89.5      4   0.00     95     19  460.3  460.3  460.3
   57.4  20066  -68.3  -89.3      4   0.00     93     20  463.5  463.5  463.5
   55.0  20321  -68.8  -89.8      3   0.00     85     24  468.0  468.0  468.0
   53.0  20542  -69.2  -90.2      3   0.00     70     30  472.0  472.0  472.0
   51.0  20772  -69.7  -90.7      3   0.00     90     36  476.1  476.1  476.1
   50.0  20890  -68.7  -90.7      3   0.00     80     40  481.2  481.2  481.2
   49.0  21015  -68.1  -90.5      3   0.00     70     50  485.4  485.4  485.4
   45.0  21541  -65.6  -89.8      2   0.00     85     59  503.5  503.5  503.5
   43.0  21822  -64.2  -89.4      2   0.00    105     49  513.4  513.4  513.4
   40.0  22268  -62.1  -88.8      2   0.00    110     44  529.5  529.5  529.5
   39.0  22425  -61.3  -88.6      2   0.00     95     46  535.2  535.2  535.2
   33.0  23457  -56.4  -87.2      1   0.01     85     30  574.5  574.6  574.5
   32.7  23513  -56.1  -87.1      1   0.01     87     32  576.7  576.8  576.7
   31.0  23852  -56.7  -87.1      1   0.01    100     45  583.9  584.0  583.9
   30.0  24060  -57.1  -87.1      1   0.01    115     46  588.4  588.5  588.4
   28.0  24493  -58.0  -87.6      1   0.01     85     38  597.5  597.5  597.5
   25.9  24983  -59.1  -88.1      1   0.01     75     46  607.9  608.0  607.9
   25.0  25211  -56.6  -86.9      1   0.01     70     49  621.3  621.4  621.3
   24.0  25474  -53.7  -85.6      1   0.01     75     44  637.0  637.1  637.0
   23.0  25748  -50.7  -84.2      1   0.01     75     60  653.6  653.8  653.7
   22.0  26034  -47.5  -82.7      1   0.02    110     34  671.4  671.6  671.4
   21.5  26182  -45.9  -81.9      1   0.02    112     32  680.7  680.9  680.7
   20.0  26660  -48.1  -83.1      1   0.02    120     25  688.2  688.4  688.2
   19.0  26996  -49.4  -83.6      1   0.02     95     38  694.3  694.5  694.3
   17.5  27535  -51.5  -84.5      1   0.02    102     51  704.1  704.3  704.1
   17.0  27727  -49.9  -83.9      1   0.02    105     55  715.2  715.4  715.2
   16.0  28127  -46.5  -82.6      1   0.03     85     46  738.7  739.0  738.7
   15.6  28294  -45.1  -82.1      1   0.03     83     45  748.6  749.0  748.7
   14.0  29013  -47.6  -82.9      1   0.03     75     40  763.7  764.0  763.7
   13.7  29157  -48.1  -83.1      1   0.03     78     41  766.7  767.1  766.8
   13.0  29506  -47.3  -83.0      1   0.03     85     43  781.2  781.6  781.2
   11.8  30149  -45.7  -82.7      1   0.04     85     57  808.7  809.1  808.7
   11.1  30563  -43.2  -82.0      1   0.04     85     66  832.0  832.6  832.0
   11.0  30624  -42.8  -81.9      1   0.04     85     66  835.5  836.1  835.5
   10.0  31270  -38.9  -80.9      0   0.06     95     54  873.2  874.0  873.2
    9.8  31409  -37.3  -79.3      0   0.08     95     53  884.2  885.2  884.3
    8.9  32071  -39.3  -81.3      0   0.06     93     51  901.2  902.0  901.2
    8.0  32805  -36.7  -78.7      1   0.10     92     48  939.4  940.9  939.5
    7.7  33068  -38.9  -80.9      0   0.08     91     47  940.9  942.0  940.9
    7.0  33724  -37.3  -79.3      0   0.11     90     44  973.3  974.9  973.4
    6.9  33824  -37.1  -79.1      0   0.11     89     45  978.3  979.9  978.4
    6.3  34457  -33.1  -77.1      0   0.17     83     49 1021.1 1023.6 1021.2
    6.2  34569  -35.5  -78.5      0   0.14     82     50 1015.5 1017.6 1015.6
    6.0  34800  -31.1  -75.1      1   0.24     80     51 1044.0 1047.7 1044.2
    5.6  35286  -33.5  -77.5      0   0.18     82     55 1054.3 1057.0 1054.4
    5.5  35411  -39.1  -81.1      0   0.10     82     56 1035.0 1036.5 1035.0
    5.3  35667  -35.7  -78.7      0   0.16     83     58 1061.2 1063.6 1061.3
    5.2  35799  -34.1  -77.1      0   0.20     84     59 1074.1 1077.3 1074.3                   
Station information and sounding indices
                         Station identifier: OERK
                             Station number: 40437
                           Observation time: 240712/1200
                           Station latitude: 24.93
                          Station longitude: 46.71
                          Station elevation: 614.0
                            Showalter index: 3.21
                               Lifted index: 2.98
    LIFT computed using virtual temperature: 2.40
                                SWEAT index: 51.81
                                    K index: 18.50
                         Cross totals index: 4.10
                      Vertical totals index: 40.10
                        Totals totals index: 44.20
      Convective Available Potential Energy: 0.00
             CAPE using virtual temperature: 0.00
                      Convective Inhibition: 0.00
             CINS using virtual temperature: 0.00
                     Bulk Richardson Number: 0.00
          Bulk Richardson Number using CAPV: 0.00
  Temp [K] of the Lifted Condensation Level: 266.70
Pres [hPa] of the Lifted Condensation Level: 503.18
   Equivalent potential temp [K] of the LCL: 340.36
     Mean mixed layer potential temperature: 324.54
              Mean mixed layer mixing ratio: 4.75
              1000 hPa to 500 hPa thickness: 5989.00
Precipitable water [mm] for entire sounding: 22.72
Description of the data columns or sounding indices.


 
Interested in graduate studies in atmospheric science? Check out our program at the University of Wyoming
Questions about the weather data provided by this site can be addressed to Larry Oolman (ldoolman@uwyo.edu)
