10868 Muenchen-Oberschlssheim Observations at 12Z 15 Jan 2024
-----------------------------------------------------------------------------
   PRES   HGHT   TEMP   DWPT   RELH   MIXR   DRCT   SKNT   THTA   THTE   THTV
    hPa     m      C      C      %    g/kg    deg   knot     K      K      K 
-----------------------------------------------------------------------------                                                            
  946.0    492   -0.3   -5.3     69   2.74    255      8  277.2  285.0  277.7
  925.0    674   -2.1   -6.6     71   2.53    250     25  277.2  284.4  277.6
  918.0    734   -2.5   -7.2     70   2.43    250     27  277.4  284.4  277.8
  860.0   1247   -5.7  -12.5     58   1.71    290     25  279.3  284.3  279.6
  856.0   1284   -5.9  -12.9     58   1.66    290     26  279.4  284.3  279.7
  850.0   1339   -6.3  -12.3     62   1.76    290     27  279.5  284.7  279.8
  791.0   1891  -10.8  -14.6     74   1.57    290     31  280.5  285.2  280.8
  729.0   2516  -15.9  -17.2     90   1.37    272     52  281.6  285.7  281.8
  717.0   2642  -13.7  -22.7     47   0.87    268     57  285.3  288.1  285.5
  707.0   2748  -13.5  -26.6     32   0.62    265     60  286.7  288.7  286.8
  700.0   2824  -13.3  -29.3     25   0.49    265     58  287.7  289.3  287.8
  695.0   2879  -13.1  -30.1     23   0.45    265     57  288.5  290.1  288.6
  686.0   2978  -13.5  -29.5     25   0.49    264     55  289.2  290.8  289.3
  652.0   3363  -15.7  -33.7     20   0.34    260     46  290.9  292.1  291.0
  649.0   3397  -15.9  -33.7     20   0.34    260     45  291.0  292.2  291.1
  610.0   3861  -19.3  -33.3     28   0.38    262     51  292.4  293.6  292.4
  552.0   4599  -22.1  -41.1     16   0.19    266     60  297.5  298.2  297.5
  500.0   5320  -26.7  -38.7     31   0.27    270     70  300.4  301.4  300.5
  483.0   5569  -28.1  -37.1     42   0.33    272     73  301.7  302.9  301.8
  406.0   6797  -35.5  -57.5      9   0.04    280     87  307.5  307.6  307.5
  405.0   6814  -35.6  -57.6      9   0.04    280     87  307.5  307.7  307.5
  400.0   6900  -36.3  -58.3      8   0.04    280     87  307.7  307.9  307.7
  300.0   8830  -50.1  -67.1     12   0.02    285     93  314.6  314.7  314.6
  272.0   9464  -55.1  -67.1     21   0.02    285    100  316.3  316.4  316.3
  265.0   9630  -55.9  -66.9     24   0.02    285    101  317.5  317.6  317.5
  259.0   9775  -56.5  -67.8     22   0.02    285    103  318.8  318.9  318.8
  250.0  10000  -57.3  -69.3     20   0.01    290     97  320.8  320.8  320.8
  242.0  10204  -58.5  -70.5     20   0.01    289     95  321.9  322.0  321.9
  200.0  11390  -61.3  -76.3     12   0.01    280     84  335.5  335.6  335.5
  188.0  11772  -62.8  -78.2     11   0.00    290     84  339.2  339.2  339.2
  173.0  12286  -64.7  -80.7      9   0.00    280     72  344.1  344.1  344.1
  172.0  12321  -64.7  -80.8      9   0.00    280     70  344.7  344.7  344.7
  161.0  12726  -64.6  -82.6      7   0.00    270     78  351.4  351.4  351.4
  150.0  13160  -64.5  -84.5      5   0.00    280     82  358.8  358.8  358.8
  147.0  13284  -64.5  -84.7      5   0.00    280     85  360.9  360.9  360.9
  125.0  14275  -64.5  -85.8      4   0.00    290     66  378.0  378.0  378.0
  100.0  15640  -64.5  -87.5      3   0.00    285     76  402.8  402.9  402.8
   94.0  16021  -63.7  -87.5      3   0.00    290     87  411.5  411.5  411.5
   88.0  16428  -62.9  -87.6      2   0.00    295     72  421.0  421.0  421.0
   73.3  17554  -60.7  -87.7      2   0.00    295     74  448.2  448.3  448.2
   73.0  17579  -60.7  -87.7      2   0.00    295     74  448.7  448.7  448.7
   70.0  17840  -61.1  -88.1      2   0.00    285     72  453.3  453.3  453.3
   67.0  18107  -62.3  -88.4      2   0.00    275     70  456.5  456.5  456.5
   52.0  19655  -69.1  -90.1      3   0.00    270     84  474.9  474.9  474.9
   50.0  19890  -68.9  -89.9      3   0.00    270     76  480.7  480.7  480.7
   41.3  21038  -68.0  -90.8      3   0.00    280    109  509.9  510.0  509.9
   41.0  21082  -68.0  -90.8      3   0.00    280    109  511.1  511.1  511.1
   39.0  21383  -67.7  -91.1      2   0.00    285     97  519.1  519.1  519.1
   33.0  22386  -66.9  -91.9      2   0.00    285    107  546.5  546.5  546.5
Station information and sounding indices
                             Station number: 10868
                           Observation time: 240115/1200
                           Station latitude: 48.25
                          Station longitude: 11.55
                          Station elevation: 492.0
                            Showalter index: 13.52
                               Lifted index: 13.76
    LIFT computed using virtual temperature: 13.77
                                SWEAT index: 124.32
                                    K index: -7.90
                         Cross totals index: 14.40
                      Vertical totals index: 20.40
                        Totals totals index: 34.80
      Convective Available Potential Energy: 0.00
             CAPE using virtual temperature: 0.00
                      Convective Inhibition: 0.00
             CINS using virtual temperature: 0.00
                     Bulk Richardson Number: 0.00
          Bulk Richardson Number using CAPV: 0.00
  Temp [K] of the Lifted Condensation Level: 264.73
Pres [hPa] of the Lifted Condensation Level: 847.72
   Equivalent potential temp [K] of the LCL: 284.41
     Mean mixed layer potential temperature: 277.54
              Mean mixed layer mixing ratio: 2.41
              1000 hPa to 500 hPa thickness: 5273.00
Precipitable water [mm] for entire sounding: 5.22
Description of the data columns or sounding indices.


 
Interested in graduate studies in atmospheric science? Check out our program at the University of Wyoming
Questions about the weather data provided by this site can be addressed to Larry Oolman (ldoolman@uwyo.edu)
