10868 Muenchen-Oberschlssheim Observations at 12Z 15 Jul 2024
-----------------------------------------------------------------------------
   PRES   HGHT   TEMP   DWPT   RELH   MIXR   DRCT   SKNT   THTA   THTE   THTV
    hPa     m      C      C      %    g/kg    deg   knot     K      K      K 
-----------------------------------------------------------------------------                 
  957.0    492   28.8   11.8     35   9.16     35      2  305.8  333.7  307.4
  949.0    566   26.4   11.4     39   8.99     40      3  304.1  331.3  305.7
  925.0    792   24.4   11.4     44   9.23     55      6  304.2  332.2  305.9
  868.0   1344   19.0    9.0     52   8.36    130      7  304.2  329.6  305.7
  850.0   1524   18.4    6.4     45   7.14    155      8  305.4  327.3  306.7
  830.0   1724   16.8    5.8     48   7.02    155     10  305.8  327.4  307.1
  781.0   2234   12.8    4.3     56   6.73    245     10  306.9  327.7  308.1
  754.0   2529   10.5    3.5     62   6.57    260     17  307.5  327.8  308.7
  728.0   2823    8.2    2.6     68   6.40    240     17  308.1  327.9  309.2
  700.0   3152    5.6    1.7     76   6.22    250     17  308.6  328.1  309.8
  697.0   3187    5.4    1.3     75   6.06    250     17  308.8  327.7  309.9
  690.0   3270    4.8    0.3     73   5.70    248     18  309.0  326.9  310.1
  647.0   3790    1.6   -2.4     75   4.98    235     23  311.1  327.0  312.1
  611.0   4252   -1.3   -4.8     77   4.40    243     20  312.9  327.1  313.8
  608.0   4291   -1.5   -5.8     73   4.10    244     20  313.1  326.4  313.9
  605.0   4331   -0.7  -17.7     26   1.58    244     20  314.5  319.9  314.8
  602.0   4371   -0.5  -22.0     18   1.10    245     19  315.2  319.1  315.4
  599.0   4410   -0.3  -26.3     12   0.75    241     18  315.9  318.6  316.0
  591.0   4517   -1.0  -26.0     13   0.78    230     16  316.2  319.1  316.4
  579.0   4679   -2.1  -25.4     15   0.84    260     16  316.8  319.8  317.0
  544.0   5171   -5.5  -23.9     22   1.03    255     17  318.5  322.2  318.7
  528.0   5407   -7.1  -23.1     27   1.13    240     16  319.3  323.4  319.5
  523.0   5481   -7.4  -29.9     15   0.62    235     16  319.8  322.1  319.9
  518.0   5556   -7.7  -36.7      8   0.32    233     17  320.3  321.6  320.4
  502.0   5799   -9.5  -26.1     25   0.92    225     21  321.1  324.4  321.2
  500.0   5830   -9.7  -24.7     28   1.04    225     21  321.1  324.9  321.4
  490.0   5985  -10.9  -21.9     40   1.36    228     26  321.5  326.4  321.8
  473.0   6255  -12.7  -14.3     88   2.69    232     34  322.6  331.8  323.1
  464.0   6400  -13.6  -15.5     85   2.49    235     39  323.3  331.9  323.8
  446.0   6700  -15.3  -17.9     80   2.11    238     37  324.8  332.1  325.2
  400.0   7510  -21.7  -22.1     97   1.64    245     33  326.7  332.6  327.0
  385.0   7790  -23.8  -24.1     97   1.42    255     37  327.6  332.7  327.9
  370.0   8081  -25.9  -26.2     97   1.23    252     36  328.5  333.0  328.7
  343.0   8628  -29.5  -32.4     76   0.74    246     35  330.8  333.6  330.9
  300.0   9570  -37.7  -40.3     77   0.38    235     33  332.1  333.6  332.2
  298.0   9616  -37.9  -41.4     70   0.34    235     32  332.5  333.8  332.5
  297.0   9639  -38.3  -40.2     82   0.39    235     31  332.2  333.8  332.3
  294.0   9708  -38.9  -41.3     78   0.35    235     29  332.3  333.7  332.4
  292.0   9755  -39.3  -42.0     75   0.33    236     30  332.4  333.7  332.5
  289.0   9825  -39.9  -49.9     34   0.14    238     31  332.6  333.1  332.6
  288.0   9849  -39.9  -55.9     16   0.07    239     31  332.9  333.2  332.9
  282.0   9992  -41.1  -49.1     42   0.16    242     33  333.2  333.8  333.2
  276.0  10137  -41.9  -55.9     20   0.07    246     35  334.1  334.4  334.1
  256.0  10642  -44.3  -59.3     17   0.05    259     42  337.8  338.0  337.8
  254.0  10694  -44.2  -59.9     16   0.05    260     43  338.6  338.8  338.6
  250.0  10800  -44.1  -61.1     13   0.04    255     45  340.4  340.6  340.4
  248.0  10854  -44.3  -61.3     13   0.04    255     45  340.9  341.0  340.9
  233.0  11270  -47.9  -58.9     27   0.06    258     49  341.5  341.8  341.5
  222.0  11587  -49.3  -62.2     21   0.04    260     52  344.1  344.3  344.1
  200.0  12270  -52.3  -69.3     11   0.02    250     52  349.8  349.9  349.8
  192.0  12534  -54.1  -70.1     12   0.02    250     52  351.0  351.1  351.0
  160.0  13700  -56.7  -77.7      5   0.01    250     49  365.4  365.4  365.4
  158.0  13780  -56.7  -78.4      5   0.01    250     54  366.8  366.8  366.8
  153.0  13984  -56.6  -80.3      4   0.00    255     56  370.3  370.4  370.3
  150.0  14110  -56.5  -81.5      3   0.00    260     52  372.5  372.6  372.5
  144.0  14369  -54.7  -84.7      1   0.00    260     37  380.0  380.0  380.0
  137.0  14685  -55.1  -85.0      1   0.00    260     45  384.8  384.8  384.8
  112.0  15962  -56.6  -85.9      1   0.00    235     23  404.7  404.7  404.7
  100.0  16680  -57.5  -86.5      1   0.00    240     35  416.4  416.4  416.4
   95.0  17003  -58.2  -87.2      1   0.00    250     27  421.0  421.1  421.0
   92.0  17205  -58.7  -87.7      1   0.00    225     19  424.0  424.0  424.0
   90.8  17288  -58.9  -87.9      1   0.00    236     19  425.2  425.2  425.2
   87.0  17558  -58.5  -87.9      1   0.00    270     16  431.2  431.2  431.2
   86.0  17631  -58.4  -87.9      1   0.00    270     10  432.8  432.8  432.8
   85.0  17705  -58.3  -87.8      1   0.00    230      6  434.4  434.5  434.4
   83.0  17855  -58.1  -87.8      1   0.00    195     10  437.8  437.8  437.8
   80.0  18087  -57.8  -87.8      1   0.00    210     14  443.1  443.1  443.1
   76.0  18411  -57.4  -87.8      1   0.00    170     17  450.5  450.6  450.5
   74.0  18579  -57.2  -87.7      1   0.00    195     17  454.4  454.5  454.5
   70.0  18930  -56.7  -87.7      1   0.00    180     16  462.7  462.8  462.7
   68.0  19116  -56.4  -87.6      1   0.00    200     10  467.3  467.4  467.3
   67.0  19211  -56.2  -87.6      1   0.00    175      6  469.7  469.7  469.7
   65.0  19405  -55.8  -87.5      1   0.00    140     10  474.6  474.6  474.6
   63.0  19606  -55.4  -87.5      1   0.00    125     16  479.6  479.7  479.6
   61.0  19813  -55.0  -87.4      1   0.00    180     14  484.9  485.0  484.9
   58.0  20136  -54.5  -87.3      1   0.00    145     10  493.4  493.4  493.4
   55.0  20477  -53.8  -87.2      1   0.00    185     10  502.3  502.4  502.3
   54.0  20595  -53.6  -87.2      1   0.00    135     10  505.5  505.5  505.5
   51.8  20861  -53.1  -87.1      1   0.00    150     15  512.7  512.7  512.7
   51.0  20962  -53.2  -86.8      1   0.00    155     17  514.8  514.8  514.8
   50.0  21090  -53.3  -86.3      1   0.00    145     16  517.4  517.5  517.4
   48.0  21351  -53.8  -86.6      1   0.00    130     10  522.3  522.3  522.3
   47.0  21486  -54.1  -86.7      1   0.00    140     12  524.8  524.8  524.8
   46.0  21624  -54.4  -86.8      1   0.00     65     10  527.4  527.4  527.4
   44.0  21908  -54.9  -87.1      1   0.00     75     14  532.7  532.8  532.7
   43.0  22055  -55.2  -87.3      1   0.00    110     19  535.5  535.5  535.5
   42.7  22100  -55.3  -87.3      1   0.00    109     19  536.4  536.4  536.4
   41.0  22362  -54.5  -87.2      1   0.00    100     17  544.7  544.7  544.7
   39.0  22684  -53.5  -87.0      1   0.01    125     21  555.1  555.1  555.1
   37.0  23023  -52.4  -86.8      1   0.01    145     16  566.2  566.3  566.2
   36.0  23199  -51.8  -86.7      1   0.01    145     10  572.1  572.2  572.1
   35.0  23380  -51.3  -86.6      1   0.01    115     12  578.2  578.3  578.2
   34.0  23567  -50.7  -86.5      1   0.01    100     17  584.6  584.6  584.6
   33.7  23624  -50.5  -86.5      1   0.01    107     18  586.5  586.6  586.5
   33.0  23761  -50.6  -86.6      1   0.01    125     19  589.7  589.8  589.7
   32.0  23961  -50.9  -86.9      1   0.01    105     17  594.3  594.4  594.3
   31.0  24167  -51.1  -87.1      1   0.01     85     16  599.2  599.2  599.2
   30.0  24380  -51.3  -87.3      1   0.01     85     19  604.2  604.2  604.2
   29.0  24602  -50.9  -87.1      1   0.01    110     19  611.3  611.3  611.3
   25.0  25576  -49.0  -86.3      1   0.01     90     31  643.2  643.3  643.2
   24.0  25844  -48.4  -86.1      1   0.01    110     31  652.3  652.4  652.3
   23.0  26123  -47.9  -85.9      1   0.01    100     29  661.9  662.0  661.9
   22.0  26415  -47.3  -85.6      0   0.01    120     27  672.0  672.1  672.0
   21.0  26720  -46.7  -85.4      0   0.01    110     21  682.8  682.9  682.8
   20.0  27040  -46.1  -85.1      0   0.01    120     33  694.3  694.5  694.3
   19.0  27382  -45.6  -85.0      0   0.02    110     17  706.0  706.2  706.0
   18.0  27743  -45.1  -84.8      0   0.02    120     23  718.6  718.8  718.6
   17.2  28046  -44.7  -84.7      0   0.02    104     23  729.3  729.5  729.3
   17.0  28125  -44.7  -84.7      0   0.02    100     23  731.7  731.9  731.7
   16.0  28530  -44.9  -84.9      0   0.02    120     35  743.9  744.1  743.9
   15.0  28962  -45.1  -85.1      0   0.02    135     23  757.1  757.3  757.1
   14.0  29429  -43.1  -83.8      0   0.03     95     12  778.9  779.2  779.0
   13.0  29931  -40.9  -82.3      0   0.04     75     10  803.1  803.5  803.1
   12.2  30360  -39.1  -81.1      0   0.05     95     19  824.3  824.8  824.3
   12.0  30474  -38.9  -80.9      0   0.05    100     21  828.8  829.4  828.8
   10.0  31730  -37.1  -79.1      0   0.08     90     33  879.9  880.9  879.9
    9.0  32465  -35.6  -78.3      0   0.10    110     27  912.7  914.0  912.8
    8.0  33286  -33.8  -77.3      0   0.13    100     27  950.8  952.6  950.9
    7.4  33830  -32.7  -76.7      0   0.15    103     33  976.8  979.0  976.9                
Station information and sounding indices
                             Station number: 10868
                           Observation time: 240715/1200
                           Station latitude: 48.25
                          Station longitude: 11.55
                          Station elevation: 492.0
                            Showalter index: 2.95
                               Lifted index: 0.78
    LIFT computed using virtual temperature: 0.40
                                SWEAT index: 113.71
                                    K index: 30.60
                         Cross totals index: 16.10
                      Vertical totals index: 28.10
                        Totals totals index: 44.20
      Convective Available Potential Energy: 2.03
             CAPE using virtual temperature: 7.85
                      Convective Inhibition: -118.56
             CINS using virtual temperature: -90.66
                           Equilibrum Level: 607.44
 Equilibrum Level using virtual temperature: 605.67
                   Level of Free Convection: 633.67
             LFCT using virtual temperature: 660.67
                     Bulk Richardson Number: 0.05
          Bulk Richardson Number using CAPV: 0.21
  Temp [K] of the Lifted Condensation Level: 281.38
Pres [hPa] of the Lifted Condensation Level: 760.31
   Equivalent potential temp [K] of the LCL: 331.71
     Mean mixed layer potential temperature: 304.31
              Mean mixed layer mixing ratio: 9.09
              1000 hPa to 500 hPa thickness: 5726.00
Precipitable water [mm] for entire sounding: 28.63
Description of the data columns or sounding indices.


 
Interested in graduate studies in atmospheric science? Check out our program at the University of Wyoming
Questions about the weather data provided by this site can be addressed to Larry Oolman (ldoolman@uwyo.edu)
