10868 Muenchen-Oberschlssheim Observations at 12Z 11 Apr 2024
-----------------------------------------------------------------------------
   PRES   HGHT   TEMP   DWPT   RELH   MIXR   DRCT   SKNT   THTA   THTE   THTV
    hPa     m      C      C      %    g/kg    deg   knot     K      K      K 
-----------------------------------------------------------------------------        
  975.0    492   12.8    3.8     54   5.18    330      4  288.0  303.0  288.9
  969.0    544   11.4    3.2     57   4.99     25     10  287.2  301.6  288.0
  967.0    562   11.0    3.0     58   4.93     27     10  286.9  301.1  287.7
  925.0    933    7.2    2.5     72   4.98     65      6  286.7  301.0  287.5
  850.0   1621    1.0    1.0    100   4.86    105      8  287.2  301.2  288.0
  842.0   1697    0.5    0.5    100   4.75    110     10  287.5  301.2  288.3
  833.0   1783    0.0    0.0    100   4.61    145     13  287.8  301.2  288.6
  828.0   1832    2.2   -0.8     80   4.36    165     16  290.6  303.5  291.4
  820.0   1911    5.8   -2.2     56   3.99    168     15  295.2  307.2  295.9
  769.0   2436    4.4   -4.6     52   3.55    186     12  299.2  310.1  299.8
  731.0   2846    1.4   -6.6     55   3.21    201     10  300.3  310.2  300.9
  721.0   2957    1.3   -7.7     51   2.99    205     10  301.3  310.7  301.9
  700.0   3195    1.0  -10.0     44   2.57    240      2  303.6  311.8  304.0
  686.0   3357    0.8  -12.2     37   2.20    261      8  305.1  312.2  305.5
  683.0   3392    0.6  -12.3     38   2.19    265     10  305.2  312.3  305.6
  668.0   3568   -0.7  -12.8     40   2.16    260     10  305.8  312.8  306.2
  636.0   3956   -3.4  -13.8     44   2.08    290     10  307.0  313.9  307.4
  617.0   4197   -5.0  -14.4     48   2.04    255     12  307.8  314.5  308.2
  592.0   4524   -7.3  -15.3     53   1.98    247     11  308.8  315.4  309.2
  588.0   4577   -7.3  -23.3     27   1.00    246     11  309.4  312.9  309.6
  573.0   4778   -8.9  -25.9     24   0.81    241     11  309.8  312.7  310.0
  545.0   5164  -11.7  -23.7     36   1.04    232     10  311.0  314.6  311.2
  540.0   5234  -12.0  -24.4     35   0.99    230     10  311.4  314.8  311.6
  520.0   5522  -13.3  -27.2     30   0.79    195     10  313.2  316.0  313.3
  506.0   5730  -14.3  -29.3     27   0.67    195     10  314.5  316.9  314.6
  500.0   5820  -15.1  -29.1     29   0.69    195     10  314.6  317.1  314.7
  491.0   5954  -16.3  -29.6     31   0.68    185     12  314.8  317.2  314.9
  438.0   6798  -23.6  -32.5     44   0.58    210     10  316.0  318.1  316.1
  417.0   7161  -26.7  -33.7     52   0.54    201     15  316.4  318.4  316.5
  407.0   7336  -28.1  -37.1     42   0.39    197     18  316.8  318.3  316.9
  402.0   7424  -28.7  -39.1     36   0.32    195     19  317.2  318.4  317.2
  400.0   7460  -28.9  -39.9     34   0.30    195     19  317.4  318.5  317.4
  366.0   8089  -33.7  -45.7     29   0.18    205     21  319.1  319.8  319.1
  351.0   8376  -36.2  -47.3     31   0.15    210     21  319.6  320.2  319.6
  300.0   9450  -45.5  -53.5     40   0.09    210     21  321.1  321.5  321.1
  292.0   9629  -47.1  -54.4     43   0.08    210     21  321.3  321.7  321.4
  289.0   9698  -47.7  -54.7     44   0.08    211     22  321.4  321.8  321.4
  282.0   9859  -48.7  -58.2     32   0.05    215     23  322.2  322.4  322.2
  278.0   9954  -49.3  -60.3     26   0.04    225     19  322.7  322.9  322.7
  268.0  10190  -51.5  -60.4     34   0.04    220     19  322.9  323.1  322.9
  250.0  10640  -55.7  -60.7     53   0.04    255     12  323.1  323.3  323.1
  249.0  10665  -55.9  -60.9     53   0.04    257     12  323.2  323.4  323.2
  247.0  10716  -56.2  -61.7     50   0.04    260     12  323.5  323.7  323.5
  239.0  10923  -57.3  -65.0     37   0.03    260      2  324.9  325.0  324.9
  227.0  11247  -59.1  -70.1     23   0.01    228      6  327.0  327.0  327.0
  205.0  11878  -62.3  -73.3     22   0.01    165     14  331.6  331.6  331.6
  202.0  11969  -62.1  -73.7     20   0.01    165     16  333.4  333.4  333.4
  200.0  12030  -61.9  -73.9     19   0.01    170     16  334.6  334.6  334.6
  198.0  12092  -62.0  -74.2     18   0.01    175     14  335.4  335.4  335.4
  186.0  12479  -62.8  -76.4     14   0.01    280     10  340.2  340.2  340.2
  178.0  12750  -63.3  -77.9     12   0.01    305     16  343.6  343.6  343.6
  175.0  12856  -63.5  -78.5     11   0.00    315     10  345.0  345.0  345.0
  170.0  13036  -62.2  -79.8      8   0.00      0      0  350.1  350.1  350.1
  155.0  13613  -57.9  -83.9      2   0.00    315      8  366.7  366.7  366.7
  152.0  13736  -58.3  -84.3      2   0.00    305     10  368.1  368.1  368.1
  150.0  13820  -58.5  -84.5      2   0.00    320     10  369.1  369.1  369.1
  147.0  13946  -58.8  -84.8      2   0.00    335     14  370.7  370.7  370.7
  144.0  14075  -59.1  -85.1      2   0.00    350     12  372.4  372.4  372.4
  138.0  14341  -59.7  -85.7      2   0.00    335     11  375.9  375.9  375.9
  134.0  14526  -57.1  -85.1      2   0.00    325     10  383.7  383.7  383.7
  130.0  14716  -57.4  -85.4      2   0.00    315     10  386.4  386.5  386.4
  128.0  14813  -57.6  -85.6      2   0.00    330     12  387.9  387.9  387.9
  106.0  15995  -59.5  -87.5      2   0.00    300     10  405.7  405.7  405.7
  100.0  16360  -60.1  -88.1      1   0.00    300      8  411.3  411.4  411.3
   96.0  16615  -59.4  -87.8      1   0.00    300     14  417.6  417.6  417.6
   92.0  16881  -58.6  -87.4      1   0.00    335     21  424.2  424.2  424.2
   90.5  16984  -58.3  -87.3      1   0.00    337     16  426.8  426.8  426.8
   89.0  17088  -58.4  -87.3      1   0.00    340     10  428.7  428.7  428.7
   87.0  17230  -58.5  -87.4      1   0.00    320      6  431.2  431.2  431.2
   85.0  17376  -58.6  -87.4      1   0.00    300     10  433.8  433.9  433.8
   84.0  17450  -58.7  -87.4      1   0.00    315     14  435.2  435.2  435.2
   80.0  17755  -59.0  -87.5      1   0.00    320     14  440.7  440.8  440.7
   78.0  17913  -59.1  -87.5      1   0.00    355     12  443.6  443.7  443.6
   74.0  18242  -59.4  -87.6      1   0.00    355     10  449.8  449.8  449.8
   73.0  18328  -59.5  -87.6      1   0.00     10     12  451.4  451.4  451.4
   70.0  18590  -59.7  -87.7      1   0.00    350     12  456.3  456.3  456.3
   66.0  18957  -60.6  -87.8      2   0.00      0     19  462.1  462.2  462.1
   61.0  19447  -61.8  -87.9      2   0.00      0      4  470.1  470.1  470.1
   60.4  19509  -61.9  -87.9      2   0.00      1      5  471.1  471.1  471.1
   58.0  19760  -61.9  -88.1      2   0.00      5     12  476.5  476.6  476.5
   55.0  20089  -61.9  -88.4      2   0.00    330     10  483.8  483.9  483.8
   52.0  20437  -61.9  -88.7      2   0.00    345     21  491.6  491.7  491.6
   51.0  20557  -61.9  -88.8      2   0.00    345     19  494.4  494.4  494.4
   50.0  20680  -61.9  -88.9      2   0.00     10     14  497.2  497.2  497.2
   49.0  20806  -61.6  -88.9      2   0.00     35     12  500.9  500.9  500.9
   48.0  20935  -61.2  -88.9      1   0.00     95     10  504.6  504.7  504.6
   45.0  21337  -60.1  -88.9      1   0.00      0      0  516.7  516.7  516.7
   43.0  21620  -59.4  -88.9      1   0.00    290     10  525.3  525.3  525.3
   42.0  21767  -59.0  -88.9      1   0.00    305     12  529.8  529.8  529.8
   41.8  21797  -58.9  -88.9      1   0.00    303     11  530.7  530.8  530.7
   37.0  22556  -60.5  -89.2      1   0.00    245      2  545.5  545.5  545.5
   35.0  22902  -61.2  -89.3      1   0.00    255     12  552.3  552.4  552.3
   34.0  23083  -61.6  -89.3      1   0.00    280     17  555.9  556.0  555.9
   31.7  23519  -62.5  -89.5      2   0.00    318     16  564.7  564.8  564.7
   31.0  23657  -62.1  -89.5      1   0.00    330     16  569.4  569.5  569.4
   30.0  23860  -61.5  -89.5      1   0.00    320     12  576.4  576.4  576.4
   28.0  24288  -61.2  -89.5      1   0.00    330     14  588.6  588.6  588.6
   27.0  24514  -61.1  -89.4      1   0.00      0     14  595.1  595.2  595.1
   26.0  24748  -61.0  -89.4      1   0.01    350     10  602.0  602.0  602.0
   24.0  25244  -60.7  -89.4      1   0.01    265     10  616.8  616.8  616.8
   23.0  25508  -60.5  -89.3      1   0.01    280     10  624.8  624.8  624.8
   22.0  25784  -60.4  -89.3      1   0.01      0      0  633.2  633.3  633.2
   21.7  25869  -60.3  -89.3      1   0.01    349      1  635.9  635.9  635.9
   20.0  26380  -57.3  -88.3      1   0.01    285     10  660.0  660.1  660.0
   18.0  27043  -59.3  -89.0      1   0.01    285     31  673.9  673.9  673.9
   17.1  27366  -60.3  -89.3      1   0.01    298     22  680.7  680.8  680.7
   17.0  27403  -60.3  -89.3      1   0.01    300     21  681.9  681.9  681.9
   16.0  27782  -60.1  -89.1      1   0.01    275     19  694.2  694.4  694.2
   14.0  28618  -59.8  -88.8      1   0.01    310     17  722.4  722.5  722.4
   13.4  28893  -59.7  -88.7      1   0.01    286     20  731.8  732.0  731.8
   13.0  29085  -57.9  -88.1      1   0.01    270     21  744.4  744.6  744.4
   12.4  29384  -55.1  -87.1      1   0.02    279     19  764.4  764.5  764.4
   12.0  29594  -55.1  -87.1      1   0.02    285     17  771.5  771.8  771.5
   11.5  29867  -55.1  -87.1      1   0.02    278     21  781.0  781.2  781.0
   11.0  30154  -50.5  -85.5      1   0.02    270     25  807.6  808.0  807.7
   10.0  30780  -48.7  -83.7      1   0.04    275     35  836.7  837.1  836.7
    8.8  31622  -47.7  -83.7      1   0.04    289     36  871.6  872.2  871.7
    8.0  32256  -46.8  -83.5      1   0.05    300     37  899.4  900.1  899.5
    7.0  33144  -45.5  -83.3      1   0.06    280     47  939.8  940.6  939.9
    6.1  34060  -44.1  -83.1      1   0.07    262     50  983.3  984.3  983.4
    6.0  34171  -42.3  -82.3      1   0.08    260     51  995.7  996.8  995.7
Station information and sounding indices
                             Station number: 10868
                           Observation time: 240411/1200
                           Station latitude: 48.25
                          Station longitude: 11.55
                          Station elevation: 492.0
                            Showalter index: 13.05
                               Lifted index: 13.08
    LIFT computed using virtual temperature: 13.08
                                SWEAT index: 37.25
                                    K index: 6.10
                         Cross totals index: 16.10
                      Vertical totals index: 16.10
                        Totals totals index: 32.20
      Convective Available Potential Energy: 0.00
             CAPE using virtual temperature: 0.00
                      Convective Inhibition: 0.00
             CINS using virtual temperature: 0.00
                     Bulk Richardson Number: 0.00
          Bulk Richardson Number using CAPV: 0.00
  Temp [K] of the Lifted Condensation Level: 274.57
Pres [hPa] of the Lifted Condensation Level: 858.03
   Equivalent potential temp [K] of the LCL: 301.13
     Mean mixed layer potential temperature: 286.86
              Mean mixed layer mixing ratio: 4.97
              1000 hPa to 500 hPa thickness: 5536.00
Precipitable water [mm] for entire sounding: 15.86
Description of the data columns or sounding indices.


 
Interested in graduate studies in atmospheric science? Check out our program at the University of Wyoming
Questions about the weather data provided by this site can be addressed to Larry Oolman (ldoolman@uwyo.edu)
